LowerImageLimit = {
    891,  926,  918,  919,  921,  921,  921,  922,  924,  924,  924,  925,  923,  990,  957,  952,  949,  948,  947,  945,  944,  942,  937,  1038, 901,  829,  845,  846,  847,  849,  849,  849,
    849,  851,  851,  851,  861,  851,  872,  872,  873,  874,  875,  876,  876,  878,  880,  881,  988,  975,  830,  845,  846,  847,  849,  849,  859,  849,  850,  850,  850,  850,  851,  868,
    868,  869,  870,  871,  872,  873,  874,  876,  878,  986,  973,  832,  847,  848,  849,  850,  851,  850,  850,  851,  861,  851,  851,  851,  864,  864,  866,  867,  869,  870,  871,  873,
    875,  876,  985,  972,  834,  849,  860,  851,  852,  852,  852,  852,  853,  853,  853,  852,  853,  861,  862,  862,  863,  865,  865,  867,  868,  871,  873,  983,  971,  836,  851,  852,
    853,  854,  854,  854,  854,  865,  855,  854,  854,  855,  859,  860,  861,  862,  863,  863,  864,  866,  868,  869,  977,  963,  838,  853,  854,  855,  856,  857,  856,  863,  857,  857,
    859,  856,  857,  858,  859,  860,  860,  862,  862,  863,  865,  866,  868,  976,  972,  840,  855,  856,  857,  858,  860,  860,  860,  859,  859,  862,  865,  860,  856,  857,  858,  859,
    860,  861,  862,  863,  865,  866,  974,  960,  842,  857,  858,  859,  860,  860,  859,  859,  860,  860,  870,  860,  861,  855,  856,  857,  858,  859,  862,  861,  862,  864,  865,  973,
    959,  844,  860,  860,  861,  862,  862,  861,  872,  864,  865,  866,  867,  870,  854,  855,  855,  857,  858,  858,  859,  861,  863,  864,  972,  957,  847,  862,  863,  863,  875,  865,
    865,  866,  867,  867,  868,  868,  871,  852,  853,  854,  855,  856,  857,  858,  860,  861,  863,  970,  955,  852,  866,  866,  867,  868,  878,  868,  869,  870,  870,  871,  872,  875,
    852,  853,  854,  855,  857,  857,  858,  860,  861,  862,  969,  953,  856,  871,  871,  872,  873,  873,  873,  873,  875,  876,  878,  877,  880,  853,  854,  855,  856,  857,  858,  859,
    860,  862,  862,  969,  952,  986,  974,  971,  970,  974,  978,  983,  995,  985,  988,  994,  999,  1038, 870,  872,  873,  874,  876,  886,  878,  880,  881,  882,  989,  872,  300,  300,
    300,  300,  300,  300,  300,  300,  300,  300,  300,  300,  300,  300,  300,  300,  300,  300,  300,  300,  300,  300,  300,  300,  300,  300,  300,  300,  300,  300,  300,  300,  300,  300,
    300,  300,  300,  300,  300,  300,  300,  300,  300,  300,  300,  300,  300,  300,  300,  300,  300,  300,  300,  300,  300,  300,  300,  300,  300,  300,  300,  300,  300,  300,  300,  300,
    300,  300,  300,  300,  300,  300,  300,  300,  300,  300,  300,  300,  300,  300,  300,  300,  300,  300,  300,  300,  300,  300,  300,  300,  300,  300,  300,  300,  300,  300,  300,  300,
    300,  300,  300,  300,  300,  300,  300,  300,  300,  300,  300,  300,  300,  300,  300,  300,  300,  300,  300,  300,  300,  300,  300,  300,  300,  300,  300,  300,  300,  300,  300,  300,
    300,  300,  300,  300,  300,  300,  300,  300,  300,  300,  300,  300,  300,  300,  300,  300,  300,  300,  300,  300,  300,  300,  300,  300,  300,  300,  300,  300,  300,  300,  300,  300,
    300,  300,  300,  300,  300,  300,  300,  300,  300,  300,  300,  300,  300,  300,  300,  300,  300,  300,  300,  300,  300,  300,  300,  300,  300,  300,  300,  300,  300,  300,  300,  300,
    300,  300,  300,  300,  300,  300,  300,  300,  300,  300,  300,  300,  300,  300,  300,  300,  300,  300,  300,  300,  300,  300,  300,  300,  300,  300,  300,  300,  300,  300,  300,  300,
    300,  300,  300,  300,  300,  300,  300,  300,  300,  300,  300,  300,  300,  300,  300,  300,  300,  300,  300,  300,  300,  300,  300,  300,  300,  300,  300,  300,  300,  300,  300,  300,
    300,  300,  300,  300,  300,  300,  300,  300,  300,  300,  300,  300,  300,  300,  300,  300,  300,  300,  300,  300,  300,  300,  300,  300,  300,  300,  300,  300,  300,  300,  300,  300,
    300,  300,  300,  300,  300,  300,  300,  300,  300,  300,  300,  300,  300,  300,  300,  300,  300,  300,  300,  300,  300,  300,  300,  300,  300,  300,  300,  300,  300,  300,  300,  300,
    300,  300,  300,  300,  300,  300,  300,  300,  300,  300,  300,  300,  300,  300,  300,  300,  300,  300,  300,  300,  300,  300,  300,  300,  300,  300,  300,  300,  300,  300,  300,  300,
    300,  300,  300,  300,  300,  300,  300,  300,  300,  300,  300,  300,  300,  300,  300,  300,  300,  300,  300,  300,  300,  300,  300,  300,  300,  300,  300,  300,  300,  300,  300,  300,
    300,  300,  300,  300,  300,  300,  300,  300,  300,  300,  300,  300,  300,  300,  300,  300,  300,  300,  300,  300,  300,  300,  300,  300,  300,  300,  300,  300,  300,  300,  300,  300,
    300,  300,  300,  300,  300,  300,  300,  300,  300,  300,  300,  300,  300,  300,  300,  300,  300,  300,  300,  300,  300,  300,  300,  300,  300,  300,  300,  300,  300,  300,  300,  300,
    300,  300,  300,  300,  300,  300,  300,  300,  300,  300,  300,  300,  300,  300,  300,  300,  300,  300,  300,  300,  300,  300,  300,  300,  300,  300,  300,  300,  300,  300,  300,  300,
    300,  300,  300,  300,  300,  300,  300,  300,  300,  300,  300,  300,  300,  300,  300,  300,  300,  300,  300,  300,  300,  300,  300,  300,  300,  300,  300,  300,  300,  300,  300,  300,
    300,  300,  300,  300,  300,  300,  300,  300,  300,  300,  300,  300,  300,  300,  300,  300,  300,  300,  300,  300,  300,  300,  300,  300,  300,  300,  300,  300,  300,  300,  300,  300,
    300,  300,  300,  300,  300,  300,  300,  300,  300,  300,  300,  300,  300,  300,  300,  300,  300,  300,  300,  300,  300,  300,  300,  300,  300,  300,  300,  300,  300,  300,  300,  300,
    300,  300,  300,  300,  300,  300,  300,  300,  300,  300,  300,  300,  300,  300,  300,  300,  300,  300,  300,  300,  300,  300,  300,  300,  300,  300,  300,  300,  300,  300,  300,  300,
    300,  300,  300,  300,  300,  300,  300,  300,  300,  300,  300,  300,  300,  300,  300,  300,  300,  300,  300,  300,  300,  300,  300,  300,  300,  300,  300,  300,  300,  300,  300,  300,
    300,  300,  300,  300,  300,  300,  300,  300,  300,  300,  300,  300,  300,  300,  300,  300,  300,  300,  300,  300,  300,  300,  300,  300,  300,  300,  300,  300,  300,  300,  300,  300,
}
UpperImageLimit = {
    1485, 1544, 1530, 1532, 1535, 1536, 1536, 1537, 1540, 1540, 1541, 1541, 1539, 1650, 1595, 1587, 1582, 1581, 1579, 1576, 1574, 1570, 1563, 1731, 1502, 1382, 1408, 1410, 1411, 1415, 1415, 1415,
    1415, 1418, 1418, 1418, 1435, 1419, 1454, 1454, 1455, 1457, 1458, 1460, 1461, 1464, 1466, 1468, 1648, 1625, 1383, 1409, 1410, 1412, 1415, 1415, 1432, 1415, 1417, 1417, 1417, 1418, 1418, 1447,
    1447, 1449, 1450, 1452, 1454, 1455, 1458, 1461, 1463, 1643, 1621, 1386, 1412, 1413, 1415, 1418, 1418, 1417, 1417, 1419, 1435, 1419, 1419, 1419, 1440, 1441, 1443, 1445, 1448, 1451, 1452, 1455,
    1458, 1461, 1641, 1620, 1390, 1415, 1434, 1419, 1421, 1421, 1420, 1420, 1422, 1422, 1422, 1421, 1421, 1435, 1437, 1438, 1439, 1441, 1443, 1445, 1448, 1452, 1456, 1638, 1619, 1394, 1419, 1420,
    1422, 1424, 1424, 1423, 1423, 1442, 1425, 1424, 1424, 1425, 1433, 1434, 1435, 1437, 1439, 1439, 1441, 1444, 1446, 1449, 1629, 1606, 1397, 1423, 1424, 1425, 1427, 1429, 1427, 1439, 1429, 1429,
    1432, 1428, 1428, 1430, 1432, 1433, 1434, 1436, 1437, 1439, 1441, 1444, 1446, 1626, 1620, 1400, 1426, 1426, 1428, 1430, 1434, 1433, 1434, 1431, 1432, 1436, 1441, 1433, 1428, 1429, 1430, 1432,
    1433, 1435, 1436, 1439, 1441, 1444, 1624, 1601, 1404, 1429, 1430, 1431, 1433, 1433, 1432, 1432, 1434, 1434, 1450, 1434, 1435, 1426, 1427, 1428, 1430, 1432, 1437, 1435, 1437, 1440, 1442, 1622,
    1599, 1408, 1433, 1433, 1435, 1436, 1436, 1436, 1453, 1440, 1441, 1443, 1445, 1450, 1423, 1425, 1426, 1428, 1430, 1431, 1433, 1435, 1438, 1440, 1620, 1596, 1412, 1437, 1438, 1439, 1458, 1443,
    1442, 1443, 1446, 1446, 1447, 1447, 1453, 1421, 1423, 1424, 1426, 1428, 1429, 1431, 1434, 1436, 1438, 1617, 1592, 1420, 1444, 1444, 1445, 1447, 1464, 1447, 1448, 1450, 1451, 1452, 1453, 1458,
    1421, 1422, 1424, 1426, 1428, 1429, 1431, 1433, 1436, 1437, 1615, 1589, 1428, 1451, 1452, 1453, 1455, 1455, 1455, 1456, 1458, 1460, 1464, 1462, 1468, 1421, 1423, 1425, 1427, 1429, 1430, 1432,
    1434, 1436, 1437, 1615, 1588, 1644, 1623, 1619, 1618, 1624, 1631, 1638, 1658, 1641, 1648, 1657, 1665, 1731, 1451, 1453, 1455, 1457, 1460, 1478, 1464, 1466, 1469, 1470, 1648, 1453, 5500, 5500,
    5500, 5500, 5500, 5500, 5500, 5500, 5500, 5500, 5500, 5500, 5500, 5500, 5500, 5500, 5500, 5500, 5500, 5500, 5500, 5500, 5500, 5500, 5500, 5500, 5500, 5500, 5500, 5500, 5500, 5500, 5500, 5500,
    5500, 5500, 5500, 5500, 5500, 5500, 5500, 5500, 5500, 5500, 5500, 5500, 5500, 5500, 5500, 5500, 5500, 5500, 5500, 5500, 5500, 5500, 5500, 5500, 5500, 5500, 5500, 5500, 5500, 5500, 5500, 5500,
    5500, 5500, 5500, 5500, 5500, 5500, 5500, 5500, 5500, 5500, 5500, 5500, 5500, 5500, 5500, 5500, 5500, 5500, 5500, 5500, 5500, 5500, 5500, 5500, 5500, 5500, 5500, 5500, 5500, 5500, 5500, 5500,
    5500, 5500, 5500, 5500, 5500, 5500, 5500, 5500, 5500, 5500, 5500, 5500, 5500, 5500, 5500, 5500, 5500, 5500, 5500, 5500, 5500, 5500, 5500, 5500, 5500, 5500, 5500, 5500, 5500, 5500, 5500, 5500,
    5500, 5500, 5500, 5500, 5500, 5500, 5500, 5500, 5500, 5500, 5500, 5500, 5500, 5500, 5500, 5500, 5500, 5500, 5500, 5500, 5500, 5500, 5500, 5500, 5500, 5500, 5500, 5500, 5500, 5500, 5500, 5500,
    5500, 5500, 5500, 5500, 5500, 5500, 5500, 5500, 5500, 5500, 5500, 5500, 5500, 5500, 5500, 5500, 5500, 5500, 5500, 5500, 5500, 5500, 5500, 5500, 5500, 5500, 5500, 5500, 5500, 5500, 5500, 5500,
    5500, 5500, 5500, 5500, 5500, 5500, 5500, 5500, 5500, 5500, 5500, 5500, 5500, 5500, 5500, 5500, 5500, 5500, 5500, 5500, 5500, 5500, 5500, 5500, 5500, 5500, 5500, 5500, 5500, 5500, 5500, 5500,
    5500, 5500, 5500, 5500, 5500, 5500, 5500, 5500, 5500, 5500, 5500, 5500, 5500, 5500, 5500, 5500, 5500, 5500, 5500, 5500, 5500, 5500, 5500, 5500, 5500, 5500, 5500, 5500, 5500, 5500, 5500, 5500,
    5500, 5500, 5500, 5500, 5500, 5500, 5500, 5500, 5500, 5500, 5500, 5500, 5500, 5500, 5500, 5500, 5500, 5500, 5500, 5500, 5500, 5500, 5500, 5500, 5500, 5500, 5500, 5500, 5500, 5500, 5500, 5500,
    5500, 5500, 5500, 5500, 5500, 5500, 5500, 5500, 5500, 5500, 5500, 5500, 5500, 5500, 5500, 5500, 5500, 5500, 5500, 5500, 5500, 5500, 5500, 5500, 5500, 5500, 5500, 5500, 5500, 5500, 5500, 5500,
    5500, 5500, 5500, 5500, 5500, 5500, 5500, 5500, 5500, 5500, 5500, 5500, 5500, 5500, 5500, 5500, 5500, 5500, 5500, 5500, 5500, 5500, 5500, 5500, 5500, 5500, 5500, 5500, 5500, 5500, 5500, 5500,
    5500, 5500, 5500, 5500, 5500, 5500, 5500, 5500, 5500, 5500, 5500, 5500, 5500, 5500, 5500, 5500, 5500, 5500, 5500, 5500, 5500, 5500, 5500, 5500, 5500, 5500, 5500, 5500, 5500, 5500, 5500, 5500,
    5500, 5500, 5500, 5500, 5500, 5500, 5500, 5500, 5500, 5500, 5500, 5500, 5500, 5500, 5500, 5500, 5500, 5500, 5500, 5500, 5500, 5500, 5500, 5500, 5500, 5500, 5500, 5500, 5500, 5500, 5500, 5500,
    5500, 5500, 5500, 5500, 5500, 5500, 5500, 5500, 5500, 5500, 5500, 5500, 5500, 5500, 5500, 5500, 5500, 5500, 5500, 5500, 5500, 5500, 5500, 5500, 5500, 5500, 5500, 5500, 5500, 5500, 5500, 5500,
    5500, 5500, 5500, 5500, 5500, 5500, 5500, 5500, 5500, 5500, 5500, 5500, 5500, 5500, 5500, 5500, 5500, 5500, 5500, 5500, 5500, 5500, 5500, 5500, 5500, 5500, 5500, 5500, 5500, 5500, 5500, 5500,
    5500, 5500, 5500, 5500, 5500, 5500, 5500, 5500, 5500, 5500, 5500, 5500, 5500, 5500, 5500, 5500, 5500, 5500, 5500, 5500, 5500, 5500, 5500, 5500, 5500, 5500, 5500, 5500, 5500, 5500, 5500, 5500,
    5500, 5500, 5500, 5500, 5500, 5500, 5500, 5500, 5500, 5500, 5500, 5500, 5500, 5500, 5500, 5500, 5500, 5500, 5500, 5500, 5500, 5500, 5500, 5500, 5500, 5500, 5500, 5500, 5500, 5500, 5500, 5500,
    5500, 5500, 5500, 5500, 5500, 5500, 5500, 5500, 5500, 5500, 5500, 5500, 5500, 5500, 5500, 5500, 5500, 5500, 5500, 5500, 5500, 5500, 5500, 5500, 5500, 5500, 5500, 5500, 5500, 5500, 5500, 5500,
    5500, 5500, 5500, 5500, 5500, 5500, 5500, 5500, 5500, 5500, 5500, 5500, 5500, 5500, 5500, 5500, 5500, 5500, 5500, 5500, 5500, 5500, 5500, 5500, 5500, 5500, 5500, 5500, 5500, 5500, 5500, 5500,
    5500, 5500, 5500, 5500, 5500, 5500, 5500, 5500, 5500, 5500, 5500, 5500, 5500, 5500, 5500, 5500, 5500, 5500, 5500, 5500, 5500, 5500, 5500, 5500, 5500, 5500, 5500, 5500, 5500, 5500, 5500, 5500,
    5500, 5500, 5500, 5500, 5500, 5500, 5500, 5500, 5500, 5500, 5500, 5500, 5500, 5500, 5500, 5500, 5500, 5500, 5500, 5500, 5500, 5500, 5500, 5500, 5500, 5500, 5500, 5500, 5500, 5500, 5500, 5500,
}
LowerImageLimitSuntel = {
    1496,  1479,  1473,  1468,  1464,  1459,  1456,  1449,  1448,  1445,  1442,  1438,  1436,  1445,  1432,  1483,  1455,  1461,  1456,  1450,  1454,  1443,  1441,  1435,  1435,  1431,  1428,  1424,  1422,  1421,  1418,  1387,
    1446,  1461,  1457,  1451,  1448,  1443,  1443,  1446,  1436,  1433,  1430,  1426,  1424,  1422,  1419,  1390,  1448,  1464,  1459,  1454,  1453,  1446,  1446,  1439,  1440,  1437,  1433,  1430,  1427,  1425,  1432,  1393,
    1448,  1463,  1468,  1454,  1451,  1446,  1446,  1440,  1440,  1437,  1434,  1430,  1428,  1427,  1424,  1395,  1450,  1465,  1461,  1465,  1454,  1448,  1448,  1442,  1442,  1440,  1435,  1432,  1431,  1429,  1427,  1397
    1450,  1465,  1461,  1456,  1455,  1449,  1449,  1442,  1444,  1440,  1436,  1433,  1441,  1430,  1429,  1399,  1452,  1478,  1464,  1460,  1457,  1452,  1451,  1445,  1446,  1442,  1439,  1436,  1434,  1432,  1430,  1400,
    1453,  1468,  1464,  1458,  1456,  1452,  1451,  1446,  1446,  1443,  1448,  1437,  1435,  1433,  1432,  1402,  1455,  1470,  1466,  1461,  1458,  1454,  1453,  1447,  1447,  1444,  1440,  1448,  1437,  1435,  1434,  1405,
    1455,  1471,  1468,  1463,  1460,  1456,  1461,  1448,  1448,  1445,  1442,  1440,  1439,  1438,  1437,  1418,  1459,  1476,  1472,  1466,  1464,  1470,  1458,  1453,  1453,  1450,  1447,  1445,  1444,  1441,  1441,  1413,
    1457,  1474,  1470,  1463,  1462,  1459,  1458,  1451,  1452,  1449,  1446,  1444,  1444,  1442,  1441,  1413,  1463,  1478,  1474,  1467,  1465,  1461,  1460,  1454,  1453,  1459,  1447,  1444,  1444,  1441,  1441,  1411,
    1344,  1379,  1379,  1378,  1380,  1381,  1384,  1383,  1387,  1389,  1391,  1393,  1396,  1399,  1402,  1386,  1353,  1386,  1386,  1385,  1386,  1387,  1390,  1389,  1392,  1393,  1395,  1396,  1398,  1400,  1403,  1386,
    1353,  1386,  1387,  1386,  1388,  1389,  1391,  1390,  1394,  1395,  1396,  1397,  1399,  1401,  1404,  1387,  1356,  1390,  1390,  1390,  1392,  1392,  1394,  1393,  1397,  1398,  1398,  1400,  1403,  1405,  1407,  1390,
    1360,  1394,  1395,  1394,  1396,  1397,  1399,  1398,  1401,  1403,  1403,  1404,  1406,  1408,  1410,  1393,  1362,  1395,  1397,  1397,  1398,  1399,  1402,  1401,  1404,  1405,  1404,  1406,  1423,  1410,  1412,  1398,
    1369,  1402,  1403,  1402,  1403,  1404,  1415,  1405,  1408,  1408,  1408,  1409,  1414,  1412,  1415,  1397,  1372,  1406,  1407,  1405,  1407,  1408,  1410,  1409,  1413,  1412,  1413,  1413,  1415,  1416,  1419,  1400,
    1375,  1408,  1409,  1408,  1409,  1410,  1412,  1412,  1415,  1415,  1415,  1415,  1417,  1418,  1420,  1402,  1376,  1411,  1412,  1411,  1412,  1412,  1415,  1418,  1417,  1418,  1419,  1418,  1419,  1421,  1423,  1405,
    1381,  1415,  1417,  1415,  1417,  1418,  1420,  1421,  1423,  1423,  1423,  1423,  1425,  1425,  1426,  1408,  1384,  1418,  1420,  1419,  1421,  1421,  1423,  1423,  1426,  1425,  1425,  1425,  1427,  1428,  1429,  1411,
    1350,  1384,  1386,  1386,  1397,  1389,  1391,  1391,  1393,  1394,  1393,  1392,  1392,  1394,  1395,  1381,  1370,  1335,  1336,  1336,  1337,  1335,  1338,  1346,  1349,  1341,  1339,  1340,  1351,  1352,  1347,  1335,
    1000,  1000,  1000,  1000,  1000,  1000,  1000,  1000,  1000,  1000,  1000,  1000,  1000,  1000,  1000,  1000,  1000,  1000,  1000,  1000,  1000,  1000,  1000,  1000,  1000,  1000,  1000,  1000,  1000,  1000,  1000,  1000,
    1000,  1000,  1000,  1000,  1000,  1000,  1000,  1000,  1000,  1000,  1000,  1000,  1000,  1000,  1000,  1000,  1000,  1000,  1000,  1000,  1000,  1000,  1000,  1000,  1000,  1000,  1000,  1000,  1000,  1000,  1000,  1000,
    1000,  1000,  1000,  1000,  1000,  1000,  1000,  1000,  1000,  1000,  1000,  1000,  1000,  1000,  1000,  1000,  1000,  1000,  1000,  1000,  1000,  1000,  1000,  1000,  1000,  1000,  1000,  1000,  1000,  1000,  1000,  1000,
    1000,  1000,  1000,  1000,  1000,  1000,  1000,  1000,  1000,  1000,  1000,  1000,  1000,  1000,  1000,  1000,  1000,  1000,  1000,  1000,  1000,  1000,  1000,  1000,  1000,  1000,  1000,  1000,  1000,  1000,  1000,  1000,
    1000,  1000,  1000,  1000,  1000,  1000,  1000,  1000,  1000,  1000,  1000,  1000,  1000,  1000,  1000,  1000,  1000,  1000,  1000,  1000,  1000,  1000,  1000,  1000,  1000,  1000,  1000,  1000,  1000,  1000,  1000,  1000,
    1000,  1000,  1000,  1000,  1000,  1000,  1000,  1000,  1000,  1000,  1000,  1000,  1000,  1000,  1000,  1000,  1000,  1000,  1000,  1000,  1000,  1000,  1000,  1000,  1000,  1000,  1000,  1000,  1000,  1000,  1000,  1000,
    1000,  1000,  1000,  1000,  1000,  1000,  1000,  1000,  1000,  1000,  1000,  1000,  1000,  1000,  1000,  1000,  1000,  1000,  1000,  1000,  1000,  1000,  1000,  1000,  1000,  1000,  1000,  1000,  1000,  1000,  1000,  1000,
    1000,  1000,  1000,  1000,  1000,  1000,  1000,  1000,  1000,  1000,  1000,  1000,  1000,  1000,  1000,  1000,  1000,  1000,  1000,  1000,  1000,  1000,  1000,  1000,  1000,  1000,  1000,  1000,  1000,  1000,  1000,  1000,
    1000,  1000,  1000,  1000,  1000,  1000,  1000,  1000,  1000,  1000,  1000,  1000,  1000,  1000,  1000,  1000,  1000,  1000,  1000,  1000,  1000,  1000,  1000,  1000,  1000,  1000,  1000,  1000,  1000,  1000,  1000,  1000,
    1000,  1000,  1000,  1000,  1000,  1000,  1000,  1000,  1000,  1000,  1000,  1000,  1000,  1000,  1000,  1000,  1000,  1000,  1000,  1000,  1000,  1000,  1000,  1000,  1000,  1000,  1000,  1000,  1000,  1000,  1000,  1000,
    1000,  1000,  1000,  1000,  1000,  1000,  1000,  1000,  1000,  1000,  1000,  1000,  1000,  1000,  1000,  1000,  1000,  1000,  1000,  1000,  1000,  1000,  1000,  1000,  1000,  1000,  1000,  1000,  1000,  1000,  1000,  1000,
    1000,  1000,  1000,  1000,  1000,  1000,  1000,  1000,  1000,  1000,  1000,  1000,  1000,  1000,  1000,  1000,  1000,  1000,  1000,  1000,  1000,  1000,  1000,  1000,  1000,  1000,  1000,  1000,  1000,  1000,  1000,  1000,
    1000,  1000,  1000,  1000,  1000,  1000,  1000,  1000,  1000,  1000,  1000,  1000,  1000,  1000,  1000,  1000,  1000,  1000,  1000,  1000,  1000,  1000,  1000,  1000,  1000,  1000,  1000,  1000,  1000,  1000,  1000,  1000,
    1000,  1000,  1000,  1000,  1000,  1000,  1000,  1000,  1000,  1000,  1000,  1000,  1000,  1000,  1000,  1000,  1000,  1000,  1000,  1000,  1000,  1000,  1000,  1000,  1000,  1000,  1000,  1000,  1000,  1000,  1000,  1000,
    1000,  1000,  1000,  1000,  1000,  1000,  1000,  1000,  1000,  1000,  1000,  1000,  1000,  1000,  1000,  1000,  1000,  1000,  1000,  1000,  1000,  1000,  1000,  1000,  1000,  1000,  1000,  1000,  1000,  1000,  1000,  1000,
    1000,  1000,  1000,  1000,  1000,  1000,  1000,  1000,  1000,  1000,  1000,  1000,  1000,  1000,  1000,  1000,  1000,  1000,  1000,  1000,  1000,  1000,  1000,  1000,  1000,  1000,  1000,  1000,  1000,  1000,  1000,  1000,
    1000,  1000,  1000,  1000,  1000,  1000,  1000,  1000,  1000,  1000,  1000,  1000,  1000,  1000,  1000,  1000,  1000,  1000,  1000,  1000,  1000,  1000,  1000,  1000,  1000,  1000,  1000,  1000,  1000,  1000,  1000,  1000,
    1000,  1000,  1000,  1000,  1000,  1000,  1000,  1000,  1000,  1000,  1000,  1000,  1000,  1000,  1000,  1000,  1000,  1000,  1000,  1000,  1000,  1000,  1000,  1000,  1000,  1000,  1000,  1000,  1000,  1000,  1000,  1000,
}
UpperImageLimitSuntel = {
    2494, 2465, 2456, 2446, 2440, 2432, 2427, 2415, 2414, 2409, 2404, 2397, 2394, 2408, 2388, 2473, 2425, 2435, 2427, 2417, 2423, 2405, 2402, 2391, 2392, 2385, 2381, 2374, 2370, 2368, 2363, 2312,
    2410, 2435, 2428, 2418, 2414, 2406, 2405, 2410, 2393, 2389, 2384, 2378, 2374, 2371, 2366, 2316, 2414, 2440, 2432, 2423, 2423, 2411, 2410, 2399, 2400, 2395, 2389, 2383, 2379, 2376, 2388, 2322,
    2413, 2439, 2447, 2423, 2419, 2411, 2410, 2400, 2400, 2395, 2390, 2384, 2381, 2378, 2374, 2325, 2417, 2443, 2435, 2442, 2423, 2414, 2414, 2403, 2404, 2400, 2393, 2387, 2385, 2382, 2379, 2329,
    2417, 2442, 2435, 2428, 2425, 2415, 2415, 2404, 2408, 2401, 2393, 2389, 2402, 2384, 2381, 2332, 2421, 2464, 2440, 2433, 2429, 2420, 2419, 2409, 2410, 2404, 2398, 2394, 2391, 2388, 2384, 2334,
    2422, 2448, 2441, 2431, 2427, 2420, 2419, 2410, 2411, 2405, 2414, 2395, 2392, 2389, 2387, 2338, 2426, 2451, 2444, 2435, 2431, 2424, 2422, 2412, 2412, 2407, 2400, 2414, 2395, 2392, 2390, 2341,
    2426, 2453, 2448, 2438, 2433, 2427, 2435, 2414, 2414, 2409, 2404, 2400, 2399, 2396, 2396, 2363, 2432, 2460, 2453, 2443, 2440, 2451, 2431, 2422, 2422, 2418, 2412, 2408, 2407, 2402, 2402, 2356,
    2429, 2456, 2450, 2439, 2437, 2432, 2430, 2419, 2420, 2415, 2410, 2407, 2407, 2404, 2403, 2355, 2438, 2464, 2456, 2445, 2442, 2435, 2433, 2423, 2421, 2432, 2412, 2406, 2406, 2402, 2401, 2352,
    2241, 2298, 2298, 2297, 2300, 2302, 2308, 2305, 2312, 2316, 2319, 2322, 2328, 2332, 2337, 2310, 2255, 2311, 2311, 2309, 2311, 2313, 2317, 2316, 2321, 2323, 2325, 2328, 2330, 2334, 2339, 2311,
    2255, 2311, 2313, 2311, 2314, 2315, 2318, 2316, 2323, 2325, 2326, 2329, 2332, 2336, 2341, 2313, 2260, 2317, 2317, 2316, 2320, 2321, 2323, 2322, 2328, 2330, 2331, 2334, 2338, 2342, 2345, 2318,
    2267, 2323, 2325, 2324, 2327, 2329, 2332, 2331, 2336, 2338, 2339, 2340, 2343, 2347, 2350, 2322, 2271, 2326, 2329, 2329, 2331, 2332, 2336, 2335, 2340, 2342, 2341, 2343, 2373, 2351, 2353, 2330,
    2282, 2336, 2338, 2336, 2339, 2340, 2359, 2342, 2346, 2347, 2347, 2349, 2357, 2354, 2358, 2329, 2287, 2343, 2345, 2342, 2345, 2347, 2350, 2349, 2355, 2354, 2355, 2355, 2359, 2361, 2365, 2334,
    2293, 2347, 2348, 2346, 2348, 2350, 2354, 2354, 2358, 2359, 2358, 2359, 2362, 2364, 2366, 2337, 2294, 2352, 2353, 2351, 2353, 2354, 2359, 2363, 2362, 2363, 2365, 2364, 2365, 2369, 2372, 2342,
    2302, 2359, 2362, 2359, 2362, 2363, 2367, 2369, 2371, 2371, 2372, 2372, 2375, 2376, 2377, 2347, 2307, 2364, 2367, 2366, 2368, 2368, 2372, 2373, 2378, 2376, 2376, 2376, 2378, 2380, 2382, 2353,
    2251, 2308, 2311, 2310, 2329, 2315, 2319, 2319, 2322, 2323, 2321, 2321, 2321, 2323, 2325, 2303, 2284, 2226, 2227, 2228, 2229, 2225, 2230, 2243, 2248, 2235, 2232, 2234, 2253, 2254, 2246, 2225,
    5500, 5500, 5500, 5500, 5500, 5500, 5500, 5500, 5500, 5500, 5500, 5500, 5500, 5500, 5500, 5500, 5500, 5500, 5500, 5500, 5500, 5500, 5500, 5500, 5500, 5500, 5500, 5500, 5500, 5500, 5500, 5500,
    5500, 5500, 5500, 5500, 5500, 5500, 5500, 5500, 5500, 5500, 5500, 5500, 5500, 5500, 5500, 5500, 5500, 5500, 5500, 5500, 5500, 5500, 5500, 5500, 5500, 5500, 5500, 5500, 5500, 5500, 5500, 5500,
    5500, 5500, 5500, 5500, 5500, 5500, 5500, 5500, 5500, 5500, 5500, 5500, 5500, 5500, 5500, 5500, 5500, 5500, 5500, 5500, 5500, 5500, 5500, 5500, 5500, 5500, 5500, 5500, 5500, 5500, 5500, 5500,
    5500, 5500, 5500, 5500, 5500, 5500, 5500, 5500, 5500, 5500, 5500, 5500, 5500, 5500, 5500, 5500, 5500, 5500, 5500, 5500, 5500, 5500, 5500, 5500, 5500, 5500, 5500, 5500, 5500, 5500, 5500, 5500,
    5500, 5500, 5500, 5500, 5500, 5500, 5500, 5500, 5500, 5500, 5500, 5500, 5500, 5500, 5500, 5500, 5500, 5500, 5500, 5500, 5500, 5500, 5500, 5500, 5500, 5500, 5500, 5500, 5500, 5500, 5500, 5500,
    5500, 5500, 5500, 5500, 5500, 5500, 5500, 5500, 5500, 5500, 5500, 5500, 5500, 5500, 5500, 5500, 5500, 5500, 5500, 5500, 5500, 5500, 5500, 5500, 5500, 5500, 5500, 5500, 5500, 5500, 5500, 5500,
    5500, 5500, 5500, 5500, 5500, 5500, 5500, 5500, 5500, 5500, 5500, 5500, 5500, 5500, 5500, 5500, 5500, 5500, 5500, 5500, 5500, 5500, 5500, 5500, 5500, 5500, 5500, 5500, 5500, 5500, 5500, 5500,
    5500, 5500, 5500, 5500, 5500, 5500, 5500, 5500, 5500, 5500, 5500, 5500, 5500, 5500, 5500, 5500, 5500, 5500, 5500, 5500, 5500, 5500, 5500, 5500, 5500, 5500, 5500, 5500, 5500, 5500, 5500, 5500,
    5500, 5500, 5500, 5500, 5500, 5500, 5500, 5500, 5500, 5500, 5500, 5500, 5500, 5500, 5500, 5500, 5500, 5500, 5500, 5500, 5500, 5500, 5500, 5500, 5500, 5500, 5500, 5500, 5500, 5500, 5500, 5500,
    5500, 5500, 5500, 5500, 5500, 5500, 5500, 5500, 5500, 5500, 5500, 5500, 5500, 5500, 5500, 5500, 5500, 5500, 5500, 5500, 5500, 5500, 5500, 5500, 5500, 5500, 5500, 5500, 5500, 5500, 5500, 5500,
    5500, 5500, 5500, 5500, 5500, 5500, 5500, 5500, 5500, 5500, 5500, 5500, 5500, 5500, 5500, 5500, 5500, 5500, 5500, 5500, 5500, 5500, 5500, 5500, 5500, 5500, 5500, 5500, 5500, 5500, 5500, 5500,
    5500, 5500, 5500, 5500, 5500, 5500, 5500, 5500, 5500, 5500, 5500, 5500, 5500, 5500, 5500, 5500, 5500, 5500, 5500, 5500, 5500, 5500, 5500, 5500, 5500, 5500, 5500, 5500, 5500, 5500, 5500, 5500,
    5500, 5500, 5500, 5500, 5500, 5500, 5500, 5500, 5500, 5500, 5500, 5500, 5500, 5500, 5500, 5500, 5500, 5500, 5500, 5500, 5500, 5500, 5500, 5500, 5500, 5500, 5500, 5500, 5500, 5500, 5500, 5500,
    5500, 5500, 5500, 5500, 5500, 5500, 5500, 5500, 5500, 5500, 5500, 5500, 5500, 5500, 5500, 5500, 5500, 5500, 5500, 5500, 5500, 5500, 5500, 5500, 5500, 5500, 5500, 5500, 5500, 5500, 5500, 5500,
    5500, 5500, 5500, 5500, 5500, 5500, 5500, 5500, 5500, 5500, 5500, 5500, 5500, 5500, 5500, 5500, 5500, 5500, 5500, 5500, 5500, 5500, 5500, 5500, 5500, 5500, 5500, 5500, 5500, 5500, 5500, 5500,
    5500, 5500, 5500, 5500, 5500, 5500, 5500, 5500, 5500, 5500, 5500, 5500, 5500, 5500, 5500, 5500, 5500, 5500, 5500, 5500, 5500, 5500, 5500, 5500, 5500, 5500, 5500, 5500, 5500, 5500, 5500, 5500,
    5500, 5500, 5500, 5500, 5500, 5500, 5500, 5500, 5500, 5500, 5500, 5500, 5500, 5500, 5500, 5500, 5500, 5500, 5500, 5500, 5500, 5500, 5500, 5500, 5500, 5500, 5500, 5500, 5500, 5500, 5500, 5500,
    5500, 5500, 5500, 5500, 5500, 5500, 5500, 5500, 5500, 5500, 5500, 5500, 5500, 5500, 5500, 5500, 5500, 5500, 5500, 5500, 5500, 5500, 5500, 5500, 5500, 5500, 5500, 5500, 5500, 5500, 5500, 5500,
}
ADCLowerImageLimit = {
    25, 25, 25, 25, 25, 25, 25, 25, 25, 25, 25, 25, 25, 25, 25, 25, 25, 25, 25, 25, 25, 25, 25, 25, 25, 25, 25, 25, 25, 25, 25, 25,
    25, 25, 25, 25, 25, 25, 25, 25, 25, 25, 25, 25, 25, 25, 25, 25, 25, 25, 25, 25, 25, 25, 25, 25, 25, 25, 25, 25, 25, 25, 25, 25,
    25, 25, 25, 25, 25, 25, 25, 25, 25, 25, 25, 25, 25, 25, 25, 25, 25, 25, 25, 25, 25, 25, 25, 25, 25, 25, 25, 25, 25, 25, 25, 25,
    25, 25, 25, 25, 25, 25, 25, 25, 25, 25, 25, 25, 25, 25, 25, 25, 25, 25, 25, 25, 25, 25, 25, 25, 25, 25, 25, 25, 25, 25, 25, 25,
    25, 25, 25, 25, 25, 25, 25, 25, 25, 25, 25, 25, 25, 25, 25, 25, 25, 25, 25, 25, 25, 25, 25, 25, 25, 25, 25, 25, 25, 25, 25, 25,
    25, 25, 25, 25, 25, 25, 25, 25, 25, 25, 25, 25, 25, 25, 25, 25, 25, 25, 25, 25, 25, 25, 25, 25, 25, 25, 25, 25, 25, 25, 25, 25,
    25, 25, 25, 25, 25, 25, 25, 25, 25, 25, 25, 25, 25, 25, 25, 25, 25, 25, 25, 25, 25, 25, 25, 25, 25, 25, 25, 25, 25, 25, 25, 25,
    25, 25, 25, 25, 25, 25, 25, 25, 25, 25, 25, 25, 25, 25, 25, 25, 25, 25, 25, 25, 25, 25, 25, 25, 25, 25, 25, 25, 25, 25, 25, 25,
    25, 25, 25, 25, 25, 25, 25, 25, 25, 25, 25, 25, 25, 25, 25, 25, 25, 25, 25, 25, 25, 25, 25, 25, 25, 25, 25, 25, 25, 25, 25, 25,
    25, 25, 25, 25, 25, 25, 25, 25, 25, 25, 25, 25, 25, 25, 25, 25, 25, 25, 25, 25, 25, 25, 25, 25, 25, 25, 25, 25, 25, 25, 25, 25,
    25, 25, 25, 25, 25, 25, 25, 25, 25, 25, 25, 25, 25, 25, 25, 25, 25, 25, 25, 25, 25, 25, 25, 25, 25, 25, 25, 25, 25, 25, 25, 25,
    25, 25, 25, 25, 25, 25, 25, 25, 25, 25, 25, 25, 25, 25, 25, 25, 25, 25, 25, 25, 25, 25, 25, 25, 25, 25, 25, 25, 25, 25, 25, 25,
    25, 25, 25, 25, 25, 25, 25, 25, 25, 25, 25, 25, 25, 25, 25, 25, 25, 25, 25, 25, 25, 25, 25, 25, 25, 25, 25, 25, 25, 25, 25, 25,
    25, 25, 25, 25, 25, 25, 25, 25, 25, 25, 25, 25, 25, 25, 25, 25, 25, 25, 25, 25, 25, 25, 25, 25, 25, 25, 25, 25, 25, 25, 25, 25,
    25, 25, 25, 25, 25, 25, 25, 25, 25, 25, 25, 25, 25, 25, 25, 25, 25, 25, 25, 25, 25, 25, 25, 25, 25, 25, 25, 25, 25, 25, 25, 25,
    25, 25, 25, 25, 25, 25, 25, 25, 25, 25, 25, 25, 25, 25, 25, 25, 25, 25, 25, 25, 25, 25, 25, 25, 25, 25, 25, 25, 25, 25, 25, 25,
    25, 25, 25, 25, 25, 25, 25, 25, 25, 25, 25, 25, 25, 25, 25, 25, 25, 25, 25, 25, 25, 25, 25, 25, 25, 25, 25, 25, 25, 25, 25, 25,
    25, 25, 25, 25, 25, 25, 25, 25, 25, 25, 25, 25, 25, 25, 25, 25, 25, 25, 25, 25, 25, 25, 25, 25, 25, 25, 25, 25, 25, 25, 25, 25,
    25, 25, 25, 25, 25, 25, 25, 25, 25, 25, 25, 25, 25, 25, 25, 25, 25, 25, 25, 25, 25, 25, 25, 25, 25, 25, 25, 25, 25, 25, 25, 25,
    25, 25, 25, 25, 25, 25, 25, 25, 25, 25, 25, 25, 25, 25, 25, 25, 25, 25, 25, 25, 25, 25, 25, 25, 25, 25, 25, 25, 25, 25, 25, 25,
    25, 25, 25, 25, 25, 25, 25, 25, 25, 25, 25, 25, 25, 25, 25, 25, 25, 25, 25, 25, 25, 25, 25, 25, 25, 25, 25, 25, 25, 25, 25, 25,
    25, 25, 25, 25, 25, 25, 25, 25, 25, 25, 25, 25, 25, 25, 25, 25, 25, 25, 25, 25, 25, 25, 25, 25, 25, 25, 25, 25, 25, 25, 25, 25,
    25, 25, 25, 25, 25, 25, 25, 25, 25, 25, 25, 25, 25, 25, 25, 25, 25, 25, 25, 25, 25, 25, 25, 25, 25, 25, 25, 25, 25, 25, 25, 25,
    25, 25, 25, 25, 25, 25, 25, 25, 25, 25, 25, 25, 25, 25, 25, 25, 25, 25, 25, 25, 25, 25, 25, 25, 25, 25, 25, 25, 25, 25, 25, 25,
    25, 25, 25, 25, 25, 25, 25, 25, 25, 25, 25, 25, 25, 25, 25, 25, 25, 25, 25, 25, 25, 25, 25, 25, 25, 25, 25, 25, 25, 25, 25, 25,
    25, 25, 25, 25, 25, 25, 25, 25, 25, 25, 25, 25, 25, 25, 25, 25, 25, 25, 25, 25, 25, 25, 25, 25, 25, 25, 25, 25, 25, 25, 25, 25,
    25, 25, 25, 25, 25, 25, 25, 25, 25, 25, 25, 25, 25, 25, 25, 25, 25, 25, 25, 25, 25, 25, 25, 25, 25, 25, 25, 25, 25, 25, 25, 25,
    25, 25, 25, 25, 25, 25, 25, 25, 25, 25, 25, 25, 25, 25, 25, 25, 25, 25, 25, 25, 25, 25, 25, 25, 25, 25, 25, 25, 25, 25, 25, 25,
    25, 25, 25, 25, 25, 25, 25, 25, 25, 25, 25, 25, 25, 25, 25, 25, 25, 25, 25, 25, 25, 25, 25, 25, 25, 25, 25, 25, 25, 25, 25, 25,
    25, 25, 25, 25, 25, 25, 25, 25, 25, 25, 25, 25, 25, 25, 25, 25, 25, 25, 25, 25, 25, 25, 25, 25, 25, 25, 25, 25, 25, 25, 25, 25,
    25, 25, 25, 25, 25, 25, 25, 25, 25, 25, 25, 25, 25, 25, 25, 25, 25, 25, 25, 25, 25, 25, 25, 25, 25, 25, 25, 25, 25, 25, 25, 25,
    25, 25, 25, 25, 25, 25, 25, 25, 25, 25, 25, 25, 25, 25, 25, 25, 25, 25, 25, 25, 25, 25, 25, 25, 25, 25, 25, 25, 25, 25, 25, 25,
}
ADCUpperImageLimit = {
    230, 230, 230, 230, 230, 230, 230, 230, 230, 230, 230, 230, 230, 230, 230, 230, 230, 230, 230, 230, 230, 230, 230, 230, 230, 230, 230, 230, 230, 230, 230, 230,
    230, 230, 230, 230, 230, 230, 230, 230, 230, 230, 230, 230, 230, 230, 230, 230, 230, 230, 230, 230, 230, 230, 230, 230, 230, 230, 230, 230, 230, 230, 230, 230,
    230, 230, 230, 230, 230, 230, 230, 230, 230, 230, 230, 230, 230, 230, 230, 230, 230, 230, 230, 230, 230, 230, 230, 230, 230, 230, 230, 230, 230, 230, 230, 230,
    230, 230, 230, 230, 230, 230, 230, 230, 230, 230, 230, 230, 230, 230, 230, 230, 230, 230, 230, 230, 230, 230, 230, 230, 230, 230, 230, 230, 230, 230, 230, 230,
    230, 230, 230, 230, 230, 230, 230, 230, 230, 230, 230, 230, 230, 230, 230, 230, 230, 230, 230, 230, 230, 230, 230, 230, 230, 230, 230, 230, 230, 230, 230, 230,
    230, 230, 230, 230, 230, 230, 230, 230, 230, 230, 230, 230, 230, 230, 230, 230, 230, 230, 230, 230, 230, 230, 230, 230, 230, 230, 230, 230, 230, 230, 230, 230,
    230, 230, 230, 230, 230, 230, 230, 230, 230, 230, 230, 230, 230, 230, 230, 230, 230, 230, 230, 230, 230, 230, 230, 230, 230, 230, 230, 230, 230, 230, 230, 230,
    230, 230, 230, 230, 230, 230, 230, 230, 230, 230, 230, 230, 230, 230, 230, 230, 230, 230, 230, 230, 230, 230, 230, 230, 230, 230, 230, 230, 230, 230, 230, 230,
    230, 230, 230, 230, 230, 230, 230, 230, 230, 230, 230, 230, 230, 230, 230, 230, 230, 230, 230, 230, 230, 230, 230, 230, 230, 230, 230, 230, 230, 230, 230, 230,
    230, 230, 230, 230, 230, 230, 230, 230, 230, 230, 230, 230, 230, 230, 230, 230, 230, 230, 230, 230, 230, 230, 230, 230, 230, 230, 230, 230, 230, 230, 230, 230,
    230, 230, 230, 230, 230, 230, 230, 230, 230, 230, 230, 230, 230, 230, 230, 230, 230, 230, 230, 230, 230, 230, 230, 230, 230, 230, 230, 230, 230, 230, 230, 230,
    230, 230, 230, 230, 230, 230, 230, 230, 230, 230, 230, 230, 230, 230, 230, 230, 230, 230, 230, 230, 230, 230, 230, 230, 230, 230, 230, 230, 230, 230, 230, 230,
    230, 230, 230, 230, 230, 230, 230, 230, 230, 230, 230, 230, 230, 230, 230, 230, 230, 230, 230, 230, 230, 230, 230, 230, 230, 230, 230, 230, 230, 230, 230, 230,
    230, 230, 230, 230, 230, 230, 230, 230, 230, 230, 230, 230, 230, 230, 230, 230, 230, 230, 230, 230, 230, 230, 230, 230, 230, 230, 230, 230, 230, 230, 230, 230,
    230, 230, 230, 230, 230, 230, 230, 230, 230, 230, 230, 230, 230, 230, 230, 230, 230, 230, 230, 230, 230, 230, 230, 230, 230, 230, 230, 230, 230, 230, 230, 230,
    230, 230, 230, 230, 230, 230, 230, 230, 230, 230, 230, 230, 230, 230, 230, 230, 230, 230, 230, 230, 230, 230, 230, 230, 230, 230, 230, 230, 230, 230, 230, 230,
    230, 230, 230, 230, 230, 230, 230, 230, 230, 230, 230, 230, 230, 230, 230, 230, 230, 230, 230, 230, 230, 230, 230, 230, 230, 230, 230, 230, 230, 230, 230, 230,
    230, 230, 230, 230, 230, 230, 230, 230, 230, 230, 230, 230, 230, 230, 230, 230, 230, 230, 230, 230, 230, 230, 230, 230, 230, 230, 230, 230, 230, 230, 230, 230,
    230, 230, 230, 230, 230, 230, 230, 230, 230, 230, 230, 230, 230, 230, 230, 230, 230, 230, 230, 230, 230, 230, 230, 230, 230, 230, 230, 230, 230, 230, 230, 230,
    230, 230, 230, 230, 230, 230, 230, 230, 230, 230, 230, 230, 230, 230, 230, 230, 230, 230, 230, 230, 230, 230, 230, 230, 230, 230, 230, 230, 230, 230, 230, 230,
    230, 230, 230, 230, 230, 230, 230, 230, 230, 230, 230, 230, 230, 230, 230, 230, 230, 230, 230, 230, 230, 230, 230, 230, 230, 230, 230, 230, 230, 230, 230, 230,
    230, 230, 230, 230, 230, 230, 230, 230, 230, 230, 230, 230, 230, 230, 230, 230, 230, 230, 230, 230, 230, 230, 230, 230, 230, 230, 230, 230, 230, 230, 230, 230,
    230, 230, 230, 230, 230, 230, 230, 230, 230, 230, 230, 230, 230, 230, 230, 230, 230, 230, 230, 230, 230, 230, 230, 230, 230, 230, 230, 230, 230, 230, 230, 230,
    230, 230, 230, 230, 230, 230, 230, 230, 230, 230, 230, 230, 230, 230, 230, 230, 230, 230, 230, 230, 230, 230, 230, 230, 230, 230, 230, 230, 230, 230, 230, 230,
    230, 230, 230, 230, 230, 230, 230, 230, 230, 230, 230, 230, 230, 230, 230, 230, 230, 230, 230, 230, 230, 230, 230, 230, 230, 230, 230, 230, 230, 230, 230, 230,
    230, 230, 230, 230, 230, 230, 230, 230, 230, 230, 230, 230, 230, 230, 230, 230, 230, 230, 230, 230, 230, 230, 230, 230, 230, 230, 230, 230, 230, 230, 230, 230,
    230, 230, 230, 230, 230, 230, 230, 230, 230, 230, 230, 230, 230, 230, 230, 230, 230, 230, 230, 230, 230, 230, 230, 230, 230, 230, 230, 230, 230, 230, 230, 230,
    230, 230, 230, 230, 230, 230, 230, 230, 230, 230, 230, 230, 230, 230, 230, 230, 230, 230, 230, 230, 230, 230, 230, 230, 230, 230, 230, 230, 230, 230, 230, 230,
    230, 230, 230, 230, 230, 230, 230, 230, 230, 230, 230, 230, 230, 230, 230, 230, 230, 230, 230, 230, 230, 230, 230, 230, 230, 230, 230, 230, 230, 230, 230, 230,
    230, 230, 230, 230, 230, 230, 230, 230, 230, 230, 230, 230, 230, 230, 230, 230, 230, 230, 230, 230, 230, 230, 230, 230, 230, 230, 230, 230, 230, 230, 230, 230,
    230, 230, 230, 230, 230, 230, 230, 230, 230, 230, 230, 230, 230, 230, 230, 230, 230, 230, 230, 230, 230, 230, 230, 230, 230, 230, 230, 230, 230, 230, 230, 230,
    230, 230, 230, 230, 230, 230, 230, 230, 230, 230, 230, 230, 230, 230, 230, 230, 230, 230, 230, 230, 230, 230, 230, 230, 230, 230, 230, 230, 230, 230, 230, 230,
}
SensorSpeedLowerImageLimit = {
    -500, -500, -500, -500, -500, -500, -500, -500, -500, -500, -500, -500, -500, -500, -500, -500, -500, -500, -500, -500, -500, -500, -500, -500, -500, -500, -500, -500, -500, -500, -500, -500,
    -500, -500, -500, -500, -500, -500, -500, -500, -500, -500, -500, -500, -500, -500, -500, -500, -500, -500, -500, -500, -500, -500, -500, -500, -500, -500, -500, -500, -500, -500, -500, -500,
    -500, -500, -500, -500, -500, -500, -500, -500, -500, -500, -500, -500, -500, -500, -500, -500, -500, -500, -500, -500, -500, -500, -500, -500, -500, -500, -500, -500, -500, -500, -500, -500,
    -500, -500, -500, -500, -500, -500, -500, -500, -500, -500, -500, -500, -500, -500, -500, -500, -500, -500, -500, -500, -500, -500, -500, -500, -500, -500, -500, -500, -500, -500, -500, -500,
    -500, -500, -500, -500, -500, -500, -500, -500, -500, -500, -500, -500, -500, -500, -500, -500, -500, -500, -500, -500, -500, -500, -500, -500, -500, -500, -500, -500, -500, -500, -500, -500,
    -500, -500, -500, -500, -500, -500, -500, -500, -500, -500, -500, -500, -500, -500, -500, -500, -500, -500, -500, -500, -500, -500, -500, -500, -500, -500, -500, -500, -500, -500, -500, -500,
    -500, -500, -500, -500, -500, -500, -500, -500, -500, -500, -500, -500, -500, -500, -500, -500, -500, -500, -500, -500, -500, -500, -500, -500, -500, -500, -500, -500, -500, -500, -500, -500,
    -500, -500, -500, -500, -500, -500, -500, -500, -500, -500, -500, -500, -500, -500, -500, -500, -500, -500, -500, -500, -500, -500, -500, -500, -500, -500, -500, -500, -500, -500, -500, -500,
    -500, -500, -500, -500, -500, -500, -500, -500, -500, -500, -500, -500, -500, -500, -500, -500, -500, -500, -500, -500, -500, -500, -500, -500, -500, -500, -500, -500, -500, -500, -500, -500,
    -500, -500, -500, -500, -500, -500, -500, -500, -500, -500, -500, -500, -500, -500, -500, -500, -500, -500, -500, -500, -500, -500, -500, -500, -500, -500, -500, -500, -500, -500, -500, -500,
    -500, -500, -500, -500, -500, -500, -500, -500, -500, -500, -500, -500, -500, -500, -500, -500, -500, -500, -500, -500, -500, -500, -500, -500, -500, -500, -500, -500, -500, -500, -500, -500,
    -500, -500, -500, -500, -500, -500, -500, -500, -500, -500, -500, -500, -500, -500, -500, -500, -500, -500, -500, -500, -500, -500, -500, -500, -500, -500, -500, -500, -500, -500, -500, -500,
    -500, -500, -500, -500, -500, -500, -500, -500, -500, -500, -500, -500, -500, -500, -500, -500, -500, -500, -500, -500, -500, -500, -500, -500, -500, -500, -500, -500, -500, -500, -500, -500,
    -500, -500, -500, -500, -500, -500, -500, -500, -500, -500, -500, -500, -500, -500, -500, -500, -500, -500, -500, -500, -500, -500, -500, -500, -500, -500, -500, -500, -500, -500, -500, -500,
    -500, -500, -500, -500, -500, -500, -500, -500, -500, -500, -500, -500, -500, -500, -500, -500, -500, -500, -500, -500, -500, -500, -500, -500, -500, -500, -500, -500, -500, -500, -500, -500,
    -500, -500, -500, -500, -500, -500, -500, -500, -500, -500, -500, -500, -500, -500, -500, -500, -500, -500, -500, -500, -500, -500, -500, -500, -500, -500, -500, -500, -500, -500, -500, -500,
    -500, -500, -500, -500, -500, -500, -500, -500, -500, -500, -500, -500, -500, -500, -500, -500, -500, -500, -500, -500, -500, -500, -500, -500, -500, -500, -500, -500, -500, -500, -500, -500,
    -500, -500, -500, -500, -500, -500, -500, -500, -500, -500, -500, -500, -500, -500, -500, -500, -500, -500, -500, -500, -500, -500, -500, -500, -500, -500, -500, -500, -500, -500, -500, -500,
    -500, -500, -500, -500, -500, -500, -500, -500, -500, -500, -500, -500, -500, -500, -500, -500, -500, -500, -500, -500, -500, -500, -500, -500, -500, -500, -500, -500, -500, -500, -500, -500,
    -500, -500, -500, -500, -500, -500, -500, -500, -500, -500, -500, -500, -500, -500, -500, -500, -500, -500, -500, -500, -500, -500, -500, -500, -500, -500, -500, -500, -500, -500, -500, -500,
    -500, -500, -500, -500, -500, -500, -500, -500, -500, -500, -500, -500, -500, -500, -500, -500, -500, -500, -500, -500, -500, -500, -500, -500, -500, -500, -500, -500, -500, -500, -500, -500,
    -500, -500, -500, -500, -500, -500, -500, -500, -500, -500, -500, -500, -500, -500, -500, -500, -500, -500, -500, -500, -500, -500, -500, -500, -500, -500, -500, -500, -500, -500, -500, -500,
    -500, -500, -500, -500, -500, -500, -500, -500, -500, -500, -500, -500, -500, -500, -500, -500, -500, -500, -500, -500, -500, -500, -500, -500, -500, -500, -500, -500, -500, -500, -500, -500,
    -500, -500, -500, -500, -500, -500, -500, -500, -500, -500, -500, -500, -500, -500, -500, -500, -500, -500, -500, -500, -500, -500, -500, -500, -500, -500, -500, -500, -500, -500, -500, -500,
    -500, -500, -500, -500, -500, -500, -500, -500, -500, -500, -500, -500, -500, -500, -500, -500, -500, -500, -500, -500, -500, -500, -500, -500, -500, -500, -500, -500, -500, -500, -500, -500,
    -500, -500, -500, -500, -500, -500, -500, -500, -500, -500, -500, -500, -500, -500, -500, -500, -500, -500, -500, -500, -500, -500, -500, -500, -500, -500, -500, -500, -500, -500, -500, -500,
    -500, -500, -500, -500, -500, -500, -500, -500, -500, -500, -500, -500, -500, -500, -500, -500, -500, -500, -500, -500, -500, -500, -500, -500, -500, -500, -500, -500, -500, -500, -500, -500,
    -500, -500, -500, -500, -500, -500, -500, -500, -500, -500, -500, -500, -500, -500, -500, -500, -500, -500, -500, -500, -500, -500, -500, -500, -500, -500, -500, -500, -500, -500, -500, -500,
    -500, -500, -500, -500, -500, -500, -500, -500, -500, -500, -500, -500, -500, -500, -500, -500, -500, -500, -500, -500, -500, -500, -500, -500, -500, -500, -500, -500, -500, -500, -500, -500,
    -500, -500, -500, -500, -500, -500, -500, -500, -500, -500, -500, -500, -500, -500, -500, -500, -500, -500, -500, -500, -500, -500, -500, -500, -500, -500, -500, -500, -500, -500, -500, -500,
    -500, -500, -500, -500, -500, -500, -500, -500, -500, -500, -500, -500, -500, -500, -500, -500, -500, -500, -500, -500, -500, -500, -500, -500, -500, -500, -500, -500, -500, -500, -500, -500,
    -500, -500, -500, -500, -500, -500, -500, -500, -500, -500, -500, -500, -500, -500, -500, -500, -500, -500, -500, -500, -500, -500, -500, -500, -500, -500, -500, -500, -500, -500, -500, -500,
}
SensorSpeedUpperImageLimit = {
    500, 500, 500, 500, 500, 500, 500, 500, 500, 500, 500, 500, 500, 500, 500, 500, 500, 500, 500, 500, 500, 500, 500, 500, 500, 500, 500, 500, 500, 500, 500, 500,
    500, 500, 500, 500, 500, 500, 500, 500, 500, 500, 500, 500, 500, 500, 500, 500, 500, 500, 500, 500, 500, 500, 500, 500, 500, 500, 500, 500, 500, 500, 500, 500,
    500, 500, 500, 500, 500, 500, 500, 500, 500, 500, 500, 500, 500, 500, 500, 500, 500, 500, 500, 500, 500, 500, 500, 500, 500, 500, 500, 500, 500, 500, 500, 500,
    500, 500, 500, 500, 500, 500, 500, 500, 500, 500, 500, 500, 500, 500, 500, 500, 500, 500, 500, 500, 500, 500, 500, 500, 500, 500, 500, 500, 500, 500, 500, 500,
    500, 500, 500, 500, 500, 500, 500, 500, 500, 500, 500, 500, 500, 500, 500, 500, 500, 500, 500, 500, 500, 500, 500, 500, 500, 500, 500, 500, 500, 500, 500, 500,
    500, 500, 500, 500, 500, 500, 500, 500, 500, 500, 500, 500, 500, 500, 500, 500, 500, 500, 500, 500, 500, 500, 500, 500, 500, 500, 500, 500, 500, 500, 500, 500,
    500, 500, 500, 500, 500, 500, 500, 500, 500, 500, 500, 500, 500, 500, 500, 500, 500, 500, 500, 500, 500, 500, 500, 500, 500, 500, 500, 500, 500, 500, 500, 500,
    500, 500, 500, 500, 500, 500, 500, 500, 500, 500, 500, 500, 500, 500, 500, 500, 500, 500, 500, 500, 500, 500, 500, 500, 500, 500, 500, 500, 500, 500, 500, 500,
    500, 500, 500, 500, 500, 500, 500, 500, 500, 500, 500, 500, 500, 500, 500, 500, 500, 500, 500, 500, 500, 500, 500, 500, 500, 500, 500, 500, 500, 500, 500, 500,
    500, 500, 500, 500, 500, 500, 500, 500, 500, 500, 500, 500, 500, 500, 500, 500, 500, 500, 500, 500, 500, 500, 500, 500, 500, 500, 500, 500, 500, 500, 500, 500,
    500, 500, 500, 500, 500, 500, 500, 500, 500, 500, 500, 500, 500, 500, 500, 500, 500, 500, 500, 500, 500, 500, 500, 500, 500, 500, 500, 500, 500, 500, 500, 500,
    500, 500, 500, 500, 500, 500, 500, 500, 500, 500, 500, 500, 500, 500, 500, 500, 500, 500, 500, 500, 500, 500, 500, 500, 500, 500, 500, 500, 500, 500, 500, 500,
    500, 500, 500, 500, 500, 500, 500, 500, 500, 500, 500, 500, 500, 500, 500, 500, 500, 500, 500, 500, 500, 500, 500, 500, 500, 500, 500, 500, 500, 500, 500, 500,
    500, 500, 500, 500, 500, 500, 500, 500, 500, 500, 500, 500, 500, 500, 500, 500, 500, 500, 500, 500, 500, 500, 500, 500, 500, 500, 500, 500, 500, 500, 500, 500,
    500, 500, 500, 500, 500, 500, 500, 500, 500, 500, 500, 500, 500, 500, 500, 500, 500, 500, 500, 500, 500, 500, 500, 500, 500, 500, 500, 500, 500, 500, 500, 500,
    500, 500, 500, 500, 500, 500, 500, 500, 500, 500, 500, 500, 500, 500, 500, 500, 500, 500, 500, 500, 500, 500, 500, 500, 500, 500, 500, 500, 500, 500, 500, 500,
    500, 500, 500, 500, 500, 500, 500, 500, 500, 500, 500, 500, 500, 500, 500, 500, 500, 500, 500, 500, 500, 500, 500, 500, 500, 500, 500, 500, 500, 500, 500, 500,
    500, 500, 500, 500, 500, 500, 500, 500, 500, 500, 500, 500, 500, 500, 500, 500, 500, 500, 500, 500, 500, 500, 500, 500, 500, 500, 500, 500, 500, 500, 500, 500,
    500, 500, 500, 500, 500, 500, 500, 500, 500, 500, 500, 500, 500, 500, 500, 500, 500, 500, 500, 500, 500, 500, 500, 500, 500, 500, 500, 500, 500, 500, 500, 500,
    500, 500, 500, 500, 500, 500, 500, 500, 500, 500, 500, 500, 500, 500, 500, 500, 500, 500, 500, 500, 500, 500, 500, 500, 500, 500, 500, 500, 500, 500, 500, 500,
    500, 500, 500, 500, 500, 500, 500, 500, 500, 500, 500, 500, 500, 500, 500, 500, 500, 500, 500, 500, 500, 500, 500, 500, 500, 500, 500, 500, 500, 500, 500, 500,
    500, 500, 500, 500, 500, 500, 500, 500, 500, 500, 500, 500, 500, 500, 500, 500, 500, 500, 500, 500, 500, 500, 500, 500, 500, 500, 500, 500, 500, 500, 500, 500,
    500, 500, 500, 500, 500, 500, 500, 500, 500, 500, 500, 500, 500, 500, 500, 500, 500, 500, 500, 500, 500, 500, 500, 500, 500, 500, 500, 500, 500, 500, 500, 500,
    500, 500, 500, 500, 500, 500, 500, 500, 500, 500, 500, 500, 500, 500, 500, 500, 500, 500, 500, 500, 500, 500, 500, 500, 500, 500, 500, 500, 500, 500, 500, 500,
    500, 500, 500, 500, 500, 500, 500, 500, 500, 500, 500, 500, 500, 500, 500, 500, 500, 500, 500, 500, 500, 500, 500, 500, 500, 500, 500, 500, 500, 500, 500, 500,
    500, 500, 500, 500, 500, 500, 500, 500, 500, 500, 500, 500, 500, 500, 500, 500, 500, 500, 500, 500, 500, 500, 500, 500, 500, 500, 500, 500, 500, 500, 500, 500,
    500, 500, 500, 500, 500, 500, 500, 500, 500, 500, 500, 500, 500, 500, 500, 500, 500, 500, 500, 500, 500, 500, 500, 500, 500, 500, 500, 500, 500, 500, 500, 500,
    500, 500, 500, 500, 500, 500, 500, 500, 500, 500, 500, 500, 500, 500, 500, 500, 500, 500, 500, 500, 500, 500, 500, 500, 500, 500, 500, 500, 500, 500, 500, 500,
    500, 500, 500, 500, 500, 500, 500, 500, 500, 500, 500, 500, 500, 500, 500, 500, 500, 500, 500, 500, 500, 500, 500, 500, 500, 500, 500, 500, 500, 500, 500, 500,
    500, 500, 500, 500, 500, 500, 500, 500, 500, 500, 500, 500, 500, 500, 500, 500, 500, 500, 500, 500, 500, 500, 500, 500, 500, 500, 500, 500, 500, 500, 500, 500,
    500, 500, 500, 500, 500, 500, 500, 500, 500, 500, 500, 500, 500, 500, 500, 500, 500, 500, 500, 500, 500, 500, 500, 500, 500, 500, 500, 500, 500, 500, 500, 500,
    500, 500, 500, 500, 500, 500, 500, 500, 500, 500, 500, 500, 500, 500, 500, 500, 500, 500, 500, 500, 500, 500, 500, 500, 500, 500, 500, 500, 500, 500, 500, 500,
}