LowerImageLimit = {
	1608,  1592,  1584,  1576,  1573,  1566,  1565,  1558,  1556,  1546,  1539,  1532,  1525,  1531,  1517,  1568,  1535,  1540,  1532,  1524,  1528,  1514,  1514,  1507,  1505,  1495,  1488,  1481,  1474,  1471,  1468,  1436,
	1529,  1543,  1534,  1526,  1524,  1517,  1517,  1520,  1508,  1499,  1491,  1484,  1477,  1474,  1472,  1441,  1532,  1546,  1537,  1529,  1530,  1521,  1521,  1514,  1512,  1503,  1496,  1489,  1482,  1479,  1487,  1446,
	1536,  1551,  1552,  1534,  1533,  1526,  1526,  1519, 	1518,  1509,  1502,  1495,  1488,  1485,  1483,  1452,  1540,  1554,  1545,  1548,  1537,  1530,  1529,  1523, 	1522,  1512,  1506,  1499,  1492,  1490,  1488,  1457,
	1543,  1557,  1549,  1541,  1540,  1533,  1533,  1526, 	1526,  1516,  1509,  1503,  1507,  1493,  1492,  1461,  1547,  1571,  1552,  1545,  1543,  1536,  1536,  1530, 	1529,  1520,  1513,  1506,  1501,  1498,  1496,  1466,
	1549,  1564,  1555,  1548,  1545,  1538,  1538,  1532, 	1531,  1522,  1526,  1510,  1505,  1502,  1501,  1471,  1553,  1567,  1559,  1551,  1548,  1541,  1541,  1535, 	1534,  1525,  1519,  1524,  1509,  1507,  1506,  1476,
	1558,  1573,  1564,  1556,  1554,  1547,  1555,  1540, 	1539,  1531,  1525,  1521,  1516,  1515,  1514,  1495,  1562,  1576,  1568,  1560,  1558,  1561,  1550,  1544, 	1543,  1535,  1531,  1526,  1522,  1521,  1520,  1491,
	1566,  1580,  1572,  1565,  1563,  1556,  1555,  1549, 	1548,  1541,  1537,  1532,  1529,  1527,  1527,  1498,  1575,  1589,  1580,  1573,  1570,  1562,  1562,  1555, 	1553,  1556,  1540,  1535,  1531,  1529,  1528,  1498,
	1451,  1482,  1481,  1481,  1485,  1485,  1491,  1492, 	1498,  1497,  1498,  1500,  1504,  1509,  1516,  1502,  1459,  1489,  1488,  1487,  1490,  1490,  1496,  1497, 	1501,  1500,  1500,  1502,  1504,  1509,  1515,  1500,
	1465,  1495,  1494,  1494,  1497,  1497,  1503,  1504, 	1509,  1508,  1508,  1509,  1511,  1515,  1521,  1505,  1470,  1500,  1499,  1499,  1503,  1503,  1508,  1510, 	1514,  1513,  1513,  1514,  1516,  1520,  1526,  1510,
	1475,  1506,  1506,  1506,  1509,  1510,  1515,  1517, 	1521,  1520,  1520,  1521,  1523,  1527,  1532,  1516,  1481,  1512,  1512,  1513,  1517,  1517,  1522,  1524, 	1528,  1527,  1527,  1529,  1547,  1535,  1539,  1524,
	1487,  1518,  1519,  1519,  1523,  1523,  1539,  1531, 	1535,  1533,  1534,  1535,  1540,  1540,  1545,  1528,  1494,  1525,  1526,  1526,  1529,  1530,  1536,  1538, 	1542,  1541,  1541,  1541,  1543,  1547,  1551,  1534,
	1503,  1534,  1534,  1534,  1538,  1539,  1546,  1547, 	1551,  1550,  1550,  1549,  1551,  1555,  1559,  1542,  1510,  1541,  1541,  1541,  1545,  1546,  1553,  1555, 	1559,  1558,  1557,  1557,  1558,  1562,  1567,  1549,
	1518,  1548,  1548,  1549,  1553,  1555,  1562,  1564, 	1568,  1567,  1566,  1566,  1567,  1571,  1575,  1557,  1527,  1558,  1558,  1560,  1565,  1567,  1574,  1576, 	1580,  1579,  1578,  1578,  1578,  1582,  1585,  1567,
	1497,  1529,  1530,  1532,  1548,  1541,  1547,  1550, 	1554,  1553,  1552,  1551,  1551,  1553,  1556,  1542,  1546,  1507,  1506,  1509,  1516,  1517,  1524,  1535, 	1540,  1530,  1530,  1531,  1542,  1544,  1540,  1521,
	1000,  1000,  1000,  1000,  1000,  1000,  1000,  1000,  1000,  1000,  1000,  1000,  1000,  1000,  1000,  1000,  1000,  1000,  1000,  1000,  1000,  1000,  1000,  1000,  1000,  1000,  1000,  1000,  1000,  1000,  1000,  1000,
	1000,  1000,  1000,  1000,  1000,  1000,  1000,  1000,  1000,  1000,  1000,  1000,  1000,  1000,  1000,  1000,  1000,  1000,  1000,  1000,  1000,  1000,  1000,  1000,  1000,  1000,  1000,  1000,  1000,  1000,  1000,  1000,
	1000,  1000,  1000,  1000,  1000,  1000,  1000,  1000,  1000,  1000,  1000,  1000,  1000,  1000,  1000,  1000,  1000,  1000,  1000,  1000,  1000,  1000,  1000,  1000,  1000,  1000,  1000,  1000,  1000,  1000,  1000,  1000,
	1000,  1000,  1000,  1000,  1000,  1000,  1000,  1000,  1000,  1000,  1000,  1000,  1000,  1000,  1000,  1000,  1000,  1000,  1000,  1000,  1000,  1000,  1000,  1000,  1000,  1000,  1000,  1000,  1000,  1000,  1000,  1000,
	1000,  1000,  1000,  1000,  1000,  1000,  1000,  1000,  1000,  1000,  1000,  1000,  1000,  1000,  1000,  1000,  1000,  1000,  1000,  1000,  1000,  1000,  1000,  1000,  1000,  1000,  1000,  1000,  1000,  1000,  1000,  1000,
	1000,  1000,  1000,  1000,  1000,  1000,  1000,  1000,  1000,  1000,  1000,  1000,  1000,  1000,  1000,  1000,  1000,  1000,  1000,  1000,  1000,  1000,  1000,  1000,  1000,  1000,  1000,  1000,  1000,  1000,  1000,  1000,
	1000,  1000,  1000,  1000,  1000,  1000,  1000,  1000,  1000,  1000,  1000,  1000,  1000,  1000,  1000,  1000,  1000,  1000,  1000,  1000,  1000,  1000,  1000,  1000,  1000,  1000,  1000,  1000,  1000,  1000,  1000,  1000,
	1000,  1000,  1000,  1000,  1000,  1000,  1000,  1000,  1000,  1000,  1000,  1000,  1000,  1000,  1000,  1000,  1000,  1000,  1000,  1000,  1000,  1000,  1000,  1000,  1000,  1000,  1000,  1000,  1000,  1000,  1000,  1000,
	1000,  1000,  1000,  1000,  1000,  1000,  1000,  1000,  1000,  1000,  1000,  1000,  1000,  1000,  1000,  1000,  1000,  1000,  1000,  1000,  1000,  1000,  1000,  1000,  1000,  1000,  1000,  1000,  1000,  1000,  1000,  1000,
	1000,  1000,  1000,  1000,  1000,  1000,  1000,  1000,  1000,  1000,  1000,  1000,  1000,  1000,  1000,  1000,  1000,  1000,  1000,  1000,  1000,  1000,  1000,  1000,  1000,  1000,  1000,  1000,  1000,  1000,  1000,  1000,
	1000,  1000,  1000,  1000,  1000,  1000,  1000,  1000,  1000,  1000,  1000,  1000,  1000,  1000,  1000,  1000,  1000,  1000,  1000,  1000,  1000,  1000,  1000,  1000,  1000,  1000,  1000,  1000,  1000,  1000,  1000,  1000,
	1000,  1000,  1000,  1000,  1000,  1000,  1000,  1000,  1000,  1000,  1000,  1000,  1000,  1000,  1000,  1000,  1000,  1000,  1000,  1000,  1000,  1000,  1000,  1000,  1000,  1000,  1000,  1000,  1000,  1000,  1000,  1000,
	1000,  1000,  1000,  1000,  1000,  1000,  1000,  1000,  1000,  1000,  1000,  1000,  1000,  1000,  1000,  1000,  1000,  1000,  1000,  1000,  1000,  1000,  1000,  1000,  1000,  1000,  1000,  1000,  1000,  1000,  1000,  1000,
	1000,  1000,  1000,  1000,  1000,  1000,  1000,  1000,  1000,  1000,  1000,  1000,  1000,  1000,  1000,  1000,  1000,  1000,  1000,  1000,  1000,  1000,  1000,  1000,  1000,  1000,  1000,  1000,  1000,  1000,  1000,  1000,
	1000,  1000,  1000,  1000,  1000,  1000,  1000,  1000,  1000,  1000,  1000,  1000,  1000,  1000,  1000,  1000,  1000,  1000,  1000,  1000,  1000,  1000,  1000,  1000,  1000,  1000,  1000,  1000,  1000,  1000,  1000,  1000,
	1000,  1000,  1000,  1000,  1000,  1000,  1000,  1000,  1000,  1000,  1000,  1000,  1000,  1000,  1000,  1000,  1000,  1000,  1000,  1000,  1000,  1000,  1000,  1000,  1000,  1000,  1000,  1000,  1000,  1000,  1000,  1000,
	1000,  1000,  1000,  1000,  1000,  1000,  1000,  1000,  1000,  1000,  1000,  1000,  1000,  1000,  1000,  1000,  1000,  1000,  1000,  1000,  1000,  1000,  1000,  1000,  1000,  1000,  1000,  1000,  1000,  1000,  1000,  1000,
	1000,  1000,  1000,  1000,  1000,  1000,  1000,  1000,  1000,  1000,  1000,  1000,  1000,  1000,  1000,  1000,  1000,  1000,  1000,  1000,  1000,  1000,  1000,  1000,  1000,  1000,  1000,  1000,  1000,  1000,  1000,  1000,
}
UpperImageLimit = {
	2680, 2653, 2640, 2627, 2622, 2610, 2609, 2596, 2593, 2577, 2565, 2553, 2541, 2551, 2529, 2614, 2559, 2567, 2553, 2540, 2547, 2523, 2523, 2511, 2508, 2492, 2480, 2469, 2457, 2451, 2446, 2393, 
	2548, 2571, 2556, 2544, 2540, 2528, 2528, 2533, 2513, 2498, 2486, 2474, 2462, 2457, 2453, 2401, 2553, 2577, 2562, 2549, 2551, 2534, 2535, 2523, 2521, 2505, 2493, 2482, 2470, 2465, 2479, 2411, 
	2560, 2584, 2586, 2557, 2554, 2543, 2543, 2532, 2530, 2514, 2503, 2491, 2480, 2475, 2472, 2420, 2566, 2590, 2576, 2580, 2562, 2549, 2549, 2538, 2537, 2521, 2510, 2498, 2487, 2483, 2479, 2428, 
	2571, 2595, 2581, 2569, 2567, 2554, 2555, 2543, 2544, 2526, 2515, 2504, 2511, 2489, 2486, 2435, 2578, 2618, 2587, 2575, 2572, 2560, 2560, 2549, 2548, 2533, 2521, 2511, 2502, 2497, 2494, 2443, 
	2582, 2606, 2592, 2579, 2575, 2563, 2564, 2553, 2552, 2537, 2543, 2516, 2508, 2503, 2501, 2451, 2588, 2612, 2598, 2585, 2580, 2569, 2568, 2558, 2556, 2542, 2532, 2540, 2515, 2512, 2510, 2460, 
	2597, 2621, 2607, 2594, 2589, 2578, 2591, 2567, 2565, 2552, 2542, 2534, 2526, 2524, 2524, 2491, 2603, 2627, 2613, 2601, 2597, 2602, 2583, 2573, 2571, 2559, 2551, 2544, 2536, 2534, 2534, 2485, 
	2609, 2634, 2620, 2609, 2605, 2593, 2592, 2582, 2580, 2568, 2561, 2554, 2548, 2545, 2545, 2496, 2625, 2648, 2634, 2621, 2617, 2603, 2603, 2591, 2588, 2593, 2567, 2558, 2551, 2548, 2547, 2497, 
	2419, 2469, 2468, 2468, 2475, 2475, 2485, 2487, 2496, 2495, 2497, 2501, 2506, 2516, 2527, 2503, 2432, 2482, 2479, 2478, 2484, 2483, 2493, 2494, 2502, 2500, 2501, 2503, 2506, 2515, 2525, 2500, 
	2442, 2492, 2490, 2490, 2496, 2496, 2506, 2507, 2515, 2513, 2513, 2515, 2518, 2526, 2535, 2509, 2449, 2500, 2499, 2498, 2504, 2504, 2514, 2516, 2523, 2521, 2522, 2524, 2526, 2534, 2543, 2517, 
	2459, 2510, 2510, 2510, 2516, 2516, 2526, 2528, 2535, 2533, 2534, 2535, 2538, 2546, 2553, 2527, 2469, 2521, 2521, 2521,	2528, 2528, 2537, 2540, 2547, 2545, 2546, 2548, 2578, 2558, 2565, 2540, 
	2479, 2531, 2531, 2532, 2538, 2538, 2565, 2551, 2558, 2556, 2557, 2558, 2566, 2567, 2574, 2547, 2490, 2542, 2543, 2543, 2549, 2550, 2561, 2563, 2570, 2568, 2568, 2569, 2572, 2578, 2585, 2556, 
	2504, 2556, 2557, 2557, 2564, 2565, 2576, 2579, 2585, 2584, 2583, 2582, 2585, 2592, 2599, 2570, 2516, 2568, 2568, 2568,	2575, 2577, 2588, 2592, 2598, 2597, 2595, 2594, 2597, 2604, 2611, 2582, 
	2529, 2581, 2580, 2581, 2589, 2591, 2603, 2607, 2614, 2612, 2610, 2610, 2612, 2618, 2625, 2595, 2545, 2596, 2597, 2599, 2608, 2611, 2623, 2627, 2634, 2632, 2630, 2629, 2631, 2636, 2642, 2611, 
	2496, 2548, 2549, 2553, 2580, 2568, 2579, 2583, 2590, 2588, 2586, 2584, 2585, 2588, 2593, 2570, 2576, 2511, 2510, 2514, 2526, 2528, 2539, 2559, 2567, 2549, 2550, 2552, 2569, 2573, 2567, 2535, 
	5500, 5500, 5500, 5500, 5500, 5500, 5500, 5500, 5500, 5500, 5500, 5500, 5500, 5500, 5500, 5500, 5500, 5500, 5500, 5500, 5500, 5500, 5500, 5500, 5500, 5500, 5500, 5500, 5500, 5500, 5500, 5500, 
	5500, 5500, 5500, 5500, 5500, 5500, 5500, 5500, 5500, 5500, 5500, 5500, 5500, 5500, 5500, 5500, 5500, 5500, 5500, 5500, 5500, 5500, 5500, 5500, 5500, 5500, 5500, 5500, 5500, 5500, 5500, 5500, 
	5500, 5500, 5500, 5500, 5500, 5500, 5500, 5500, 5500, 5500, 5500, 5500, 5500, 5500, 5500, 5500, 5500, 5500, 5500, 5500, 5500, 5500, 5500, 5500, 5500, 5500, 5500, 5500, 5500, 5500, 5500, 5500,
	5500, 5500, 5500, 5500, 5500, 5500, 5500, 5500, 5500, 5500, 5500, 5500, 5500, 5500, 5500, 5500, 5500, 5500, 5500, 5500, 5500, 5500, 5500, 5500, 5500, 5500, 5500, 5500, 5500, 5500, 5500, 5500,
	5500, 5500, 5500, 5500, 5500, 5500, 5500, 5500, 5500, 5500, 5500, 5500, 5500, 5500, 5500, 5500, 5500, 5500, 5500, 5500, 5500, 5500, 5500, 5500, 5500, 5500, 5500, 5500, 5500, 5500, 5500, 5500,
	5500, 5500, 5500, 5500, 5500, 5500, 5500, 5500, 5500, 5500, 5500, 5500, 5500, 5500, 5500, 5500, 5500, 5500, 5500, 5500, 5500, 5500, 5500, 5500, 5500, 5500, 5500, 5500, 5500, 5500, 5500, 5500,
	5500, 5500, 5500, 5500, 5500, 5500, 5500, 5500, 5500, 5500, 5500, 5500, 5500, 5500, 5500, 5500, 5500, 5500, 5500, 5500, 5500, 5500, 5500, 5500, 5500, 5500, 5500, 5500, 5500, 5500, 5500, 5500,
	5500, 5500, 5500, 5500, 5500, 5500, 5500, 5500, 5500, 5500, 5500, 5500, 5500, 5500, 5500, 5500, 5500, 5500, 5500, 5500, 5500, 5500, 5500, 5500, 5500, 5500, 5500, 5500, 5500, 5500, 5500, 5500,
	5500, 5500, 5500, 5500, 5500, 5500, 5500, 5500, 5500, 5500, 5500, 5500, 5500, 5500, 5500, 5500, 5500, 5500, 5500, 5500, 5500, 5500, 5500, 5500, 5500, 5500, 5500, 5500, 5500, 5500, 5500, 5500,
	5500, 5500, 5500, 5500, 5500, 5500, 5500, 5500, 5500, 5500, 5500, 5500, 5500, 5500, 5500, 5500, 5500, 5500, 5500, 5500, 5500, 5500, 5500, 5500, 5500, 5500, 5500, 5500, 5500, 5500, 5500, 5500,
	5500, 5500, 5500, 5500, 5500, 5500, 5500, 5500, 5500, 5500, 5500, 5500, 5500, 5500, 5500, 5500, 5500, 5500, 5500, 5500, 5500, 5500, 5500, 5500, 5500, 5500, 5500, 5500, 5500, 5500, 5500, 5500,
	5500, 5500, 5500, 5500, 5500, 5500, 5500, 5500, 5500, 5500, 5500, 5500, 5500, 5500, 5500, 5500, 5500, 5500, 5500, 5500, 5500, 5500, 5500, 5500, 5500, 5500, 5500, 5500, 5500, 5500, 5500, 5500,
	5500, 5500, 5500, 5500, 5500, 5500, 5500, 5500, 5500, 5500, 5500, 5500, 5500, 5500, 5500, 5500, 5500, 5500, 5500, 5500, 5500, 5500, 5500, 5500, 5500, 5500, 5500, 5500, 5500, 5500, 5500, 5500,
	5500, 5500, 5500, 5500, 5500, 5500, 5500, 5500, 5500, 5500, 5500, 5500, 5500, 5500, 5500, 5500, 5500, 5500, 5500, 5500, 5500, 5500, 5500, 5500, 5500, 5500, 5500, 5500, 5500, 5500, 5500, 5500,
	5500, 5500, 5500, 5500, 5500, 5500, 5500, 5500, 5500, 5500, 5500, 5500, 5500, 5500, 5500, 5500, 5500, 5500, 5500, 5500, 5500, 5500, 5500, 5500, 5500, 5500, 5500, 5500, 5500, 5500, 5500, 5500,
	5500, 5500, 5500, 5500, 5500, 5500, 5500, 5500, 5500, 5500, 5500, 5500, 5500, 5500, 5500, 5500, 5500, 5500, 5500, 5500, 5500, 5500, 5500, 5500, 5500, 5500, 5500, 5500, 5500, 5500, 5500, 5500,
	5500, 5500, 5500, 5500, 5500, 5500, 5500, 5500, 5500, 5500, 5500, 5500, 5500, 5500, 5500, 5500, 5500, 5500, 5500, 5500, 5500, 5500, 5500, 5500, 5500, 5500, 5500, 5500, 5500, 5500, 5500, 5500,
	5500, 5500, 5500, 5500, 5500, 5500, 5500, 5500, 5500, 5500, 5500, 5500, 5500, 5500, 5500, 5500, 5500, 5500, 5500, 5500, 5500, 5500, 5500, 5500, 5500, 5500, 5500, 5500, 5500, 5500, 5500, 5500,
}
LowerImageLimitSuntel = {
	1496,  1479,  1473,  1468,  1464,  1459,  1456,  1449,  1448,  1445,  1442,  1438,  1436,  1445,  1432,  1483,  1455,  1461,  1456,  1450,  1454,  1443,  1441,  1435,  1435,  1431,  1428,  1424,  1422,  1421,  1418,  1387,
	1446,  1461,  1457,  1451,  1448,  1443,  1443,  1446,  1436,  1433,  1430,  1426,  1424,  1422,  1419,  1390,  1448,  1464,  1459,  1454,  1453,  1446,  1446,  1439,  1440,  1437,  1433,  1430,  1427,  1425,  1432,  1393,
	1448,  1463,  1468,  1454,  1451,  1446,  1446,  1440,  1440,  1437,  1434,  1430,  1428,  1427,  1424,  1395,  1450,  1465,  1461,  1465,  1454,  1448,  1448,  1442,  1442,  1440,  1435,  1432,  1431,  1429,  1427,  1397
	1450,  1465,  1461,  1456,  1455,  1449,  1449,  1442,  1444,  1440,  1436,  1433,  1441,  1430,  1429,  1399,  1452,  1478,  1464,  1460,  1457,  1452,  1451,  1445,  1446,  1442,  1439,  1436,  1434,  1432,  1430,  1400,
	1453,  1468,  1464,  1458,  1456,  1452,  1451,  1446,  1446,  1443,  1448,  1437,  1435,  1433,  1432,  1402,  1455,  1470,  1466,  1461,  1458,  1454,  1453,  1447,  1447,  1444,  1440,  1448,  1437,  1435,  1434,  1405,
	1455,  1471,  1468,  1463,  1460,  1456,  1461,  1448,  1448,  1445,  1442,  1440,  1439,  1438,  1437,  1418,  1459,  1476,  1472,  1466,  1464,  1470,  1458,  1453,  1453,  1450,  1447,  1445,  1444,  1441,  1441,  1413,
	1457,  1474,  1470,  1463,  1462,  1459,  1458,  1451,  1452,  1449,  1446,  1444,  1444,  1442,  1441,  1413,  1463,  1478,  1474,  1467,  1465,  1461,  1460,  1454,  1453,  1459,  1447,  1444,  1444,  1441,  1441,  1411,
	1344,  1379,  1379,  1378,  1380,  1381,  1384,  1383,  1387,  1389,  1391,  1393,  1396,  1399,  1402,  1386,  1353,  1386,  1386,  1385,  1386,  1387,  1390,  1389,  1392,  1393,  1395,  1396,  1398,  1400,  1403,  1386,
	1353,  1386,  1387,  1386,  1388,  1389,  1391,  1390,  1394,  1395,  1396,  1397,  1399,  1401,  1404,  1387,  1356,  1390,  1390,  1390,  1392,  1392,  1394,  1393,  1397,  1398,  1398,  1400,  1403,  1405,  1407,  1390,
	1360,  1394,  1395,  1394,  1396,  1397,  1399,  1398,  1401,  1403,  1403,  1404,  1406,  1408,  1410,  1393,  1362,  1395,  1397,  1397,  1398,  1399,  1402,  1401,  1404,  1405,  1404,  1406,  1423,  1410,  1412,  1398,
	1369,  1402,  1403,  1402,  1403,  1404,  1415,  1405,  1408,  1408,  1408,  1409,  1414,  1412,  1415,  1397,  1372,  1406,  1407,  1405,  1407,  1408,  1410,  1409,  1413,  1412,  1413,  1413,  1415,  1416,  1419,  1400,
	1375,  1408,  1409,  1408,  1409,  1410,  1412,  1412,  1415,  1415,  1415,  1415,  1417,  1418,  1420,  1402,  1376,  1411,  1412,  1411,  1412,  1412,  1415,  1418,  1417,  1418,  1419,  1418,  1419,  1421,  1423,  1405,
	1381,  1415,  1417,  1415,  1417,  1418,  1420,  1421,  1423,  1423,  1423,  1423,  1425,  1425,  1426,  1408,  1384,  1418,  1420,  1419,  1421,  1421,  1423,  1423,  1426,  1425,  1425,  1425,  1427,  1428,  1429,  1411,
	1350,  1384,  1386,  1386,  1397,  1389,  1391,  1391,  1393,  1394,  1393,  1392,  1392,  1394,  1395,  1381,  1370,  1335,  1336,  1336,  1337,  1335,  1338,  1346,  1349,  1341,  1339,  1340,  1351,  1352,  1347,  1335,
	1000,  1000,  1000,  1000,  1000,  1000,  1000,  1000,  1000,  1000,  1000,  1000,  1000,  1000,  1000,  1000,  1000,  1000,  1000,  1000,  1000,  1000,  1000,  1000,  1000,  1000,  1000,  1000,  1000,  1000,  1000,  1000,
	1000,  1000,  1000,  1000,  1000,  1000,  1000,  1000,  1000,  1000,  1000,  1000,  1000,  1000,  1000,  1000,  1000,  1000,  1000,  1000,  1000,  1000,  1000,  1000,  1000,  1000,  1000,  1000,  1000,  1000,  1000,  1000,
	1000,  1000,  1000,  1000,  1000,  1000,  1000,  1000,  1000,  1000,  1000,  1000,  1000,  1000,  1000,  1000,  1000,  1000,  1000,  1000,  1000,  1000,  1000,  1000,  1000,  1000,  1000,  1000,  1000,  1000,  1000,  1000,
	1000,  1000,  1000,  1000,  1000,  1000,  1000,  1000,  1000,  1000,  1000,  1000,  1000,  1000,  1000,  1000,  1000,  1000,  1000,  1000,  1000,  1000,  1000,  1000,  1000,  1000,  1000,  1000,  1000,  1000,  1000,  1000,
	1000,  1000,  1000,  1000,  1000,  1000,  1000,  1000,  1000,  1000,  1000,  1000,  1000,  1000,  1000,  1000,  1000,  1000,  1000,  1000,  1000,  1000,  1000,  1000,  1000,  1000,  1000,  1000,  1000,  1000,  1000,  1000,
	1000,  1000,  1000,  1000,  1000,  1000,  1000,  1000,  1000,  1000,  1000,  1000,  1000,  1000,  1000,  1000,  1000,  1000,  1000,  1000,  1000,  1000,  1000,  1000,  1000,  1000,  1000,  1000,  1000,  1000,  1000,  1000,
	1000,  1000,  1000,  1000,  1000,  1000,  1000,  1000,  1000,  1000,  1000,  1000,  1000,  1000,  1000,  1000,  1000,  1000,  1000,  1000,  1000,  1000,  1000,  1000,  1000,  1000,  1000,  1000,  1000,  1000,  1000,  1000,
	1000,  1000,  1000,  1000,  1000,  1000,  1000,  1000,  1000,  1000,  1000,  1000,  1000,  1000,  1000,  1000,  1000,  1000,  1000,  1000,  1000,  1000,  1000,  1000,  1000,  1000,  1000,  1000,  1000,  1000,  1000,  1000,
	1000,  1000,  1000,  1000,  1000,  1000,  1000,  1000,  1000,  1000,  1000,  1000,  1000,  1000,  1000,  1000,  1000,  1000,  1000,  1000,  1000,  1000,  1000,  1000,  1000,  1000,  1000,  1000,  1000,  1000,  1000,  1000,
	1000,  1000,  1000,  1000,  1000,  1000,  1000,  1000,  1000,  1000,  1000,  1000,  1000,  1000,  1000,  1000,  1000,  1000,  1000,  1000,  1000,  1000,  1000,  1000,  1000,  1000,  1000,  1000,  1000,  1000,  1000,  1000,
	1000,  1000,  1000,  1000,  1000,  1000,  1000,  1000,  1000,  1000,  1000,  1000,  1000,  1000,  1000,  1000,  1000,  1000,  1000,  1000,  1000,  1000,  1000,  1000,  1000,  1000,  1000,  1000,  1000,  1000,  1000,  1000,
	1000,  1000,  1000,  1000,  1000,  1000,  1000,  1000,  1000,  1000,  1000,  1000,  1000,  1000,  1000,  1000,  1000,  1000,  1000,  1000,  1000,  1000,  1000,  1000,  1000,  1000,  1000,  1000,  1000,  1000,  1000,  1000,
	1000,  1000,  1000,  1000,  1000,  1000,  1000,  1000,  1000,  1000,  1000,  1000,  1000,  1000,  1000,  1000,  1000,  1000,  1000,  1000,  1000,  1000,  1000,  1000,  1000,  1000,  1000,  1000,  1000,  1000,  1000,  1000,
	1000,  1000,  1000,  1000,  1000,  1000,  1000,  1000,  1000,  1000,  1000,  1000,  1000,  1000,  1000,  1000,  1000,  1000,  1000,  1000,  1000,  1000,  1000,  1000,  1000,  1000,  1000,  1000,  1000,  1000,  1000,  1000,
	1000,  1000,  1000,  1000,  1000,  1000,  1000,  1000,  1000,  1000,  1000,  1000,  1000,  1000,  1000,  1000,  1000,  1000,  1000,  1000,  1000,  1000,  1000,  1000,  1000,  1000,  1000,  1000,  1000,  1000,  1000,  1000,
	1000,  1000,  1000,  1000,  1000,  1000,  1000,  1000,  1000,  1000,  1000,  1000,  1000,  1000,  1000,  1000,  1000,  1000,  1000,  1000,  1000,  1000,  1000,  1000,  1000,  1000,  1000,  1000,  1000,  1000,  1000,  1000,
	1000,  1000,  1000,  1000,  1000,  1000,  1000,  1000,  1000,  1000,  1000,  1000,  1000,  1000,  1000,  1000,  1000,  1000,  1000,  1000,  1000,  1000,  1000,  1000,  1000,  1000,  1000,  1000,  1000,  1000,  1000,  1000,
	1000,  1000,  1000,  1000,  1000,  1000,  1000,  1000,  1000,  1000,  1000,  1000,  1000,  1000,  1000,  1000,  1000,  1000,  1000,  1000,  1000,  1000,  1000,  1000,  1000,  1000,  1000,  1000,  1000,  1000,  1000,  1000,
}
UpperImageLimitSuntel = {
	2494, 2465, 2456, 2446, 2440, 2432, 2427, 2415, 2414, 2409, 2404, 2397, 2394, 2408, 2388, 2473, 2425, 2435, 2427, 2417, 2423, 2405, 2402, 2391, 2392, 2385, 2381, 2374, 2370, 2368, 2363, 2312,
	2410, 2435, 2428, 2418, 2414, 2406, 2405, 2410, 2393, 2389, 2384, 2378, 2374, 2371, 2366, 2316, 2414, 2440, 2432, 2423, 2423, 2411, 2410, 2399, 2400, 2395, 2389, 2383, 2379, 2376, 2388, 2322,
	2413, 2439, 2447, 2423, 2419, 2411, 2410, 2400, 2400, 2395, 2390, 2384, 2381, 2378, 2374, 2325, 2417, 2443, 2435, 2442, 2423, 2414, 2414, 2403, 2404, 2400, 2393, 2387, 2385, 2382, 2379, 2329,
	2417, 2442, 2435, 2428, 2425, 2415, 2415, 2404, 2408, 2401, 2393, 2389, 2402, 2384, 2381, 2332, 2421, 2464, 2440, 2433, 2429, 2420, 2419, 2409, 2410, 2404, 2398, 2394, 2391, 2388, 2384, 2334,
	2422, 2448, 2441, 2431, 2427, 2420, 2419, 2410, 2411, 2405, 2414, 2395, 2392, 2389, 2387, 2338, 2426, 2451, 2444, 2435, 2431, 2424, 2422, 2412, 2412, 2407, 2400, 2414, 2395, 2392, 2390, 2341,
	2426, 2453, 2448, 2438, 2433, 2427, 2435, 2414, 2414, 2409, 2404, 2400, 2399, 2396, 2396, 2363, 2432, 2460, 2453, 2443, 2440, 2451, 2431, 2422, 2422, 2418, 2412, 2408, 2407, 2402, 2402, 2356,
	2429, 2456, 2450, 2439, 2437, 2432, 2430, 2419, 2420, 2415, 2410, 2407, 2407, 2404, 2403, 2355, 2438, 2464, 2456, 2445, 2442, 2435, 2433, 2423, 2421, 2432, 2412, 2406, 2406, 2402, 2401, 2352,
	2241, 2298, 2298, 2297, 2300, 2302, 2308, 2305, 2312, 2316, 2319, 2322, 2328, 2332, 2337, 2310, 2255, 2311, 2311, 2309, 2311, 2313, 2317, 2316, 2321, 2323, 2325, 2328, 2330, 2334, 2339, 2311,
	2255, 2311, 2313, 2311, 2314, 2315, 2318, 2316, 2323, 2325, 2326, 2329, 2332, 2336, 2341, 2313, 2260, 2317, 2317, 2316, 2320, 2321, 2323, 2322, 2328, 2330, 2331, 2334, 2338, 2342, 2345, 2318,
	2267, 2323, 2325, 2324, 2327, 2329, 2332, 2331, 2336, 2338, 2339, 2340, 2343, 2347, 2350, 2322, 2271, 2326, 2329, 2329, 2331, 2332, 2336, 2335, 2340, 2342, 2341, 2343, 2373, 2351, 2353, 2330,
	2282, 2336, 2338, 2336, 2339, 2340, 2359, 2342, 2346, 2347, 2347, 2349, 2357, 2354, 2358, 2329, 2287, 2343, 2345, 2342, 2345, 2347, 2350, 2349, 2355, 2354, 2355, 2355, 2359, 2361, 2365, 2334,
	2293, 2347, 2348, 2346, 2348, 2350, 2354, 2354, 2358, 2359, 2358, 2359, 2362, 2364, 2366, 2337, 2294, 2352, 2353, 2351, 2353, 2354, 2359, 2363, 2362, 2363, 2365, 2364, 2365, 2369, 2372, 2342,
	2302, 2359, 2362, 2359, 2362, 2363, 2367, 2369, 2371, 2371, 2372, 2372, 2375, 2376, 2377, 2347, 2307, 2364, 2367, 2366, 2368, 2368, 2372, 2373, 2378, 2376, 2376, 2376, 2378, 2380, 2382, 2353,
	2251, 2308, 2311, 2310, 2329, 2315, 2319, 2319, 2322, 2323, 2321, 2321, 2321, 2323, 2325, 2303, 2284, 2226, 2227, 2228, 2229, 2225, 2230, 2243, 2248, 2235, 2232, 2234, 2253, 2254, 2246, 2225,
	5500, 5500, 5500, 5500, 5500, 5500, 5500, 5500, 5500, 5500, 5500, 5500, 5500, 5500, 5500, 5500, 5500, 5500, 5500, 5500, 5500, 5500, 5500, 5500, 5500, 5500, 5500, 5500, 5500, 5500, 5500, 5500, 
	5500, 5500, 5500, 5500, 5500, 5500, 5500, 5500, 5500, 5500, 5500, 5500, 5500, 5500, 5500, 5500, 5500, 5500, 5500, 5500, 5500, 5500, 5500, 5500, 5500, 5500, 5500, 5500, 5500, 5500, 5500, 5500, 
	5500, 5500, 5500, 5500, 5500, 5500, 5500, 5500, 5500, 5500, 5500, 5500, 5500, 5500, 5500, 5500, 5500, 5500, 5500, 5500, 5500, 5500, 5500, 5500, 5500, 5500, 5500, 5500, 5500, 5500, 5500, 5500,
	5500, 5500, 5500, 5500, 5500, 5500, 5500, 5500, 5500, 5500, 5500, 5500, 5500, 5500, 5500, 5500, 5500, 5500, 5500, 5500, 5500, 5500, 5500, 5500, 5500, 5500, 5500, 5500, 5500, 5500, 5500, 5500,
	5500, 5500, 5500, 5500, 5500, 5500, 5500, 5500, 5500, 5500, 5500, 5500, 5500, 5500, 5500, 5500, 5500, 5500, 5500, 5500, 5500, 5500, 5500, 5500, 5500, 5500, 5500, 5500, 5500, 5500, 5500, 5500,
	5500, 5500, 5500, 5500, 5500, 5500, 5500, 5500, 5500, 5500, 5500, 5500, 5500, 5500, 5500, 5500, 5500, 5500, 5500, 5500, 5500, 5500, 5500, 5500, 5500, 5500, 5500, 5500, 5500, 5500, 5500, 5500,
	5500, 5500, 5500, 5500, 5500, 5500, 5500, 5500, 5500, 5500, 5500, 5500, 5500, 5500, 5500, 5500, 5500, 5500, 5500, 5500, 5500, 5500, 5500, 5500, 5500, 5500, 5500, 5500, 5500, 5500, 5500, 5500,
	5500, 5500, 5500, 5500, 5500, 5500, 5500, 5500, 5500, 5500, 5500, 5500, 5500, 5500, 5500, 5500, 5500, 5500, 5500, 5500, 5500, 5500, 5500, 5500, 5500, 5500, 5500, 5500, 5500, 5500, 5500, 5500,
	5500, 5500, 5500, 5500, 5500, 5500, 5500, 5500, 5500, 5500, 5500, 5500, 5500, 5500, 5500, 5500, 5500, 5500, 5500, 5500, 5500, 5500, 5500, 5500, 5500, 5500, 5500, 5500, 5500, 5500, 5500, 5500,
	5500, 5500, 5500, 5500, 5500, 5500, 5500, 5500, 5500, 5500, 5500, 5500, 5500, 5500, 5500, 5500, 5500, 5500, 5500, 5500, 5500, 5500, 5500, 5500, 5500, 5500, 5500, 5500, 5500, 5500, 5500, 5500,
	5500, 5500, 5500, 5500, 5500, 5500, 5500, 5500, 5500, 5500, 5500, 5500, 5500, 5500, 5500, 5500, 5500, 5500, 5500, 5500, 5500, 5500, 5500, 5500, 5500, 5500, 5500, 5500, 5500, 5500, 5500, 5500,
	5500, 5500, 5500, 5500, 5500, 5500, 5500, 5500, 5500, 5500, 5500, 5500, 5500, 5500, 5500, 5500, 5500, 5500, 5500, 5500, 5500, 5500, 5500, 5500, 5500, 5500, 5500, 5500, 5500, 5500, 5500, 5500,
	5500, 5500, 5500, 5500, 5500, 5500, 5500, 5500, 5500, 5500, 5500, 5500, 5500, 5500, 5500, 5500, 5500, 5500, 5500, 5500, 5500, 5500, 5500, 5500, 5500, 5500, 5500, 5500, 5500, 5500, 5500, 5500,
	5500, 5500, 5500, 5500, 5500, 5500, 5500, 5500, 5500, 5500, 5500, 5500, 5500, 5500, 5500, 5500, 5500, 5500, 5500, 5500, 5500, 5500, 5500, 5500, 5500, 5500, 5500, 5500, 5500, 5500, 5500, 5500,
	5500, 5500, 5500, 5500, 5500, 5500, 5500, 5500, 5500, 5500, 5500, 5500, 5500, 5500, 5500, 5500, 5500, 5500, 5500, 5500, 5500, 5500, 5500, 5500, 5500, 5500, 5500, 5500, 5500, 5500, 5500, 5500,
	5500, 5500, 5500, 5500, 5500, 5500, 5500, 5500, 5500, 5500, 5500, 5500, 5500, 5500, 5500, 5500, 5500, 5500, 5500, 5500, 5500, 5500, 5500, 5500, 5500, 5500, 5500, 5500, 5500, 5500, 5500, 5500,
	5500, 5500, 5500, 5500, 5500, 5500, 5500, 5500, 5500, 5500, 5500, 5500, 5500, 5500, 5500, 5500, 5500, 5500, 5500, 5500, 5500, 5500, 5500, 5500, 5500, 5500, 5500, 5500, 5500, 5500, 5500, 5500,
	5500, 5500, 5500, 5500, 5500, 5500, 5500, 5500, 5500, 5500, 5500, 5500, 5500, 5500, 5500, 5500, 5500, 5500, 5500, 5500, 5500, 5500, 5500, 5500, 5500, 5500, 5500, 5500, 5500, 5500, 5500, 5500,
}
ADCLowerImageLimit = {
	25, 25, 25, 25, 25, 25, 25, 25, 25, 25, 25, 25, 25, 25, 25, 25, 25, 25, 25, 25, 25, 25, 25, 25, 25, 25, 25, 25, 25, 25, 25, 25,
	25, 25, 25, 25, 25, 25, 25, 25, 25, 25, 25, 25, 25, 25, 25, 25, 25, 25, 25, 25, 25, 25, 25, 25, 25, 25, 25, 25, 25, 25, 25, 25,
	25, 25, 25, 25, 25, 25, 25, 25, 25, 25, 25, 25, 25, 25, 25, 25, 25, 25, 25, 25, 25, 25, 25, 25, 25, 25, 25, 25, 25, 25, 25, 25,
	25, 25, 25, 25, 25, 25, 25, 25, 25, 25, 25, 25, 25, 25, 25, 25, 25, 25, 25, 25, 25, 25, 25, 25, 25, 25, 25, 25, 25, 25, 25, 25,
	25, 25, 25, 25, 25, 25, 25, 25, 25, 25, 25, 25, 25, 25, 25, 25, 25, 25, 25, 25, 25, 25, 25, 25, 25, 25, 25, 25, 25, 25, 25, 25,
	25, 25, 25, 25, 25, 25, 25, 25, 25, 25, 25, 25, 25, 25, 25, 25, 25, 25, 25, 25, 25, 25, 25, 25, 25, 25, 25, 25, 25, 25, 25, 25,
	25, 25, 25, 25, 25, 25, 25, 25, 25, 25, 25, 25, 25, 25, 25, 25, 25, 25, 25, 25, 25, 25, 25, 25, 25, 25, 25, 25, 25, 25, 25, 25,
	25, 25, 25, 25, 25, 25, 25, 25, 25, 25, 25, 25, 25, 25, 25, 25, 25, 25, 25, 25, 25, 25, 25, 25, 25, 25, 25, 25, 25, 25, 25, 25,
	25, 25, 25, 25, 25, 25, 25, 25, 25, 25, 25, 25, 25, 25, 25, 25, 25, 25, 25, 25, 25, 25, 25, 25, 25, 25, 25, 25, 25, 25, 25, 25,
	25, 25, 25, 25, 25, 25, 25, 25, 25, 25, 25, 25, 25, 25, 25, 25, 25, 25, 25, 25, 25, 25, 25, 25, 25, 25, 25, 25, 25, 25, 25, 25,
	25, 25, 25, 25, 25, 25, 25, 25, 25, 25, 25, 25, 25, 25, 25, 25, 25, 25, 25, 25, 25, 25, 25, 25, 25, 25, 25, 25, 25, 25, 25, 25,
	25, 25, 25, 25, 25, 25, 25, 25, 25, 25, 25, 25, 25, 25, 25, 25, 25, 25, 25, 25, 25, 25, 25, 25, 25, 25, 25, 25, 25, 25, 25, 25,
	25, 25, 25, 25, 25, 25, 25, 25, 25, 25, 25, 25, 25, 25, 25, 25, 25, 25, 25, 25, 25, 25, 25, 25, 25, 25, 25, 25, 25, 25, 25, 25,
	25, 25, 25, 25, 25, 25, 25, 25, 25, 25, 25, 25, 25, 25, 25, 25, 25, 25, 25, 25, 25, 25, 25, 25, 25, 25, 25, 25, 25, 25, 25, 25,
	25, 25, 25, 25, 25, 25, 25, 25, 25, 25, 25, 25, 25, 25, 25, 25, 25, 25, 25, 25, 25, 25, 25, 25, 25, 25, 25, 25, 25, 25, 25, 25,
	25, 25, 25, 25, 25, 25, 25, 25, 25, 25, 25, 25, 25, 25, 25, 25, 25, 25, 25, 25, 25, 25, 25, 25, 25, 25, 25, 25, 25, 25, 25, 25,
	25, 25, 25, 25, 25, 25, 25, 25, 25, 25, 25, 25, 25, 25, 25, 25, 25, 25, 25, 25, 25, 25, 25, 25, 25, 25, 25, 25, 25, 25, 25, 25,
	25, 25, 25, 25, 25, 25, 25, 25, 25, 25, 25, 25, 25, 25, 25, 25, 25, 25, 25, 25, 25, 25, 25, 25, 25, 25, 25, 25, 25, 25, 25, 25,
	25, 25, 25, 25, 25, 25, 25, 25, 25, 25, 25, 25, 25, 25, 25, 25, 25, 25, 25, 25, 25, 25, 25, 25, 25, 25, 25, 25, 25, 25, 25, 25,
	25, 25, 25, 25, 25, 25, 25, 25, 25, 25, 25, 25, 25, 25, 25, 25, 25, 25, 25, 25, 25, 25, 25, 25, 25, 25, 25, 25, 25, 25, 25, 25,
	25, 25, 25, 25, 25, 25, 25, 25, 25, 25, 25, 25, 25, 25, 25, 25, 25, 25, 25, 25, 25, 25, 25, 25, 25, 25, 25, 25, 25, 25, 25, 25,
	25, 25, 25, 25, 25, 25, 25, 25, 25, 25, 25, 25, 25, 25, 25, 25, 25, 25, 25, 25, 25, 25, 25, 25, 25, 25, 25, 25, 25, 25, 25, 25,
	25, 25, 25, 25, 25, 25, 25, 25, 25, 25, 25, 25, 25, 25, 25, 25, 25, 25, 25, 25, 25, 25, 25, 25, 25, 25, 25, 25, 25, 25, 25, 25,
	25, 25, 25, 25, 25, 25, 25, 25, 25, 25, 25, 25, 25, 25, 25, 25, 25, 25, 25, 25, 25, 25, 25, 25, 25, 25, 25, 25, 25, 25, 25, 25,
	25, 25, 25, 25, 25, 25, 25, 25, 25, 25, 25, 25, 25, 25, 25, 25, 25, 25, 25, 25, 25, 25, 25, 25, 25, 25, 25, 25, 25, 25, 25, 25,
	25, 25, 25, 25, 25, 25, 25, 25, 25, 25, 25, 25, 25, 25, 25, 25, 25, 25, 25, 25, 25, 25, 25, 25, 25, 25, 25, 25, 25, 25, 25, 25,
	25, 25, 25, 25, 25, 25, 25, 25, 25, 25, 25, 25, 25, 25, 25, 25, 25, 25, 25, 25, 25, 25, 25, 25, 25, 25, 25, 25, 25, 25, 25, 25,
	25, 25, 25, 25, 25, 25, 25, 25, 25, 25, 25, 25, 25, 25, 25, 25, 25, 25, 25, 25, 25, 25, 25, 25, 25, 25, 25, 25, 25, 25, 25, 25,
	25, 25, 25, 25, 25, 25, 25, 25, 25, 25, 25, 25, 25, 25, 25, 25, 25, 25, 25, 25, 25, 25, 25, 25, 25, 25, 25, 25, 25, 25, 25, 25,
	25, 25, 25, 25, 25, 25, 25, 25, 25, 25, 25, 25, 25, 25, 25, 25, 25, 25, 25, 25, 25, 25, 25, 25, 25, 25, 25, 25, 25, 25, 25, 25,
	25, 25, 25, 25, 25, 25, 25, 25, 25, 25, 25, 25, 25, 25, 25, 25, 25, 25, 25, 25, 25, 25, 25, 25, 25, 25, 25, 25, 25, 25, 25, 25,
	25, 25, 25, 25, 25, 25, 25, 25, 25, 25, 25, 25, 25, 25, 25, 25, 25, 25, 25, 25, 25, 25, 25, 25, 25, 25, 25, 25, 25, 25, 25, 25,
}
ADCUpperImageLimit = {
	230, 230, 230, 230, 230, 230, 230, 230, 230, 230, 230, 230, 230, 230, 230, 230, 230, 230, 230, 230, 230, 230, 230, 230, 230, 230, 230, 230, 230, 230, 230, 230,
	230, 230, 230, 230, 230, 230, 230, 230, 230, 230, 230, 230, 230, 230, 230, 230, 230, 230, 230, 230, 230, 230, 230, 230, 230, 230, 230, 230, 230, 230, 230, 230,
	230, 230, 230, 230, 230, 230, 230, 230, 230, 230, 230, 230, 230, 230, 230, 230, 230, 230, 230, 230, 230, 230, 230, 230, 230, 230, 230, 230, 230, 230, 230, 230,
	230, 230, 230, 230, 230, 230, 230, 230, 230, 230, 230, 230, 230, 230, 230, 230, 230, 230, 230, 230, 230, 230, 230, 230, 230, 230, 230, 230, 230, 230, 230, 230,
	230, 230, 230, 230, 230, 230, 230, 230, 230, 230, 230, 230, 230, 230, 230, 230, 230, 230, 230, 230, 230, 230, 230, 230, 230, 230, 230, 230, 230, 230, 230, 230,
	230, 230, 230, 230, 230, 230, 230, 230, 230, 230, 230, 230, 230, 230, 230, 230, 230, 230, 230, 230, 230, 230, 230, 230, 230, 230, 230, 230, 230, 230, 230, 230,
	230, 230, 230, 230, 230, 230, 230, 230, 230, 230, 230, 230, 230, 230, 230, 230, 230, 230, 230, 230, 230, 230, 230, 230, 230, 230, 230, 230, 230, 230, 230, 230,
	230, 230, 230, 230, 230, 230, 230, 230, 230, 230, 230, 230, 230, 230, 230, 230, 230, 230, 230, 230, 230, 230, 230, 230, 230, 230, 230, 230, 230, 230, 230, 230,
	230, 230, 230, 230, 230, 230, 230, 230, 230, 230, 230, 230, 230, 230, 230, 230, 230, 230, 230, 230, 230, 230, 230, 230, 230, 230, 230, 230, 230, 230, 230, 230,
	230, 230, 230, 230, 230, 230, 230, 230, 230, 230, 230, 230, 230, 230, 230, 230, 230, 230, 230, 230, 230, 230, 230, 230, 230, 230, 230, 230, 230, 230, 230, 230,
	230, 230, 230, 230, 230, 230, 230, 230, 230, 230, 230, 230, 230, 230, 230, 230, 230, 230, 230, 230, 230, 230, 230, 230, 230, 230, 230, 230, 230, 230, 230, 230,
	230, 230, 230, 230, 230, 230, 230, 230, 230, 230, 230, 230, 230, 230, 230, 230, 230, 230, 230, 230, 230, 230, 230, 230, 230, 230, 230, 230, 230, 230, 230, 230,
	230, 230, 230, 230, 230, 230, 230, 230, 230, 230, 230, 230, 230, 230, 230, 230, 230, 230, 230, 230, 230, 230, 230, 230, 230, 230, 230, 230, 230, 230, 230, 230,
	230, 230, 230, 230, 230, 230, 230, 230, 230, 230, 230, 230, 230, 230, 230, 230, 230, 230, 230, 230, 230, 230, 230, 230, 230, 230, 230, 230, 230, 230, 230, 230,
	230, 230, 230, 230, 230, 230, 230, 230, 230, 230, 230, 230, 230, 230, 230, 230, 230, 230, 230, 230, 230, 230, 230, 230, 230, 230, 230, 230, 230, 230, 230, 230,
	230, 230, 230, 230, 230, 230, 230, 230, 230, 230, 230, 230, 230, 230, 230, 230, 230, 230, 230, 230, 230, 230, 230, 230, 230, 230, 230, 230, 230, 230, 230, 230,
	230, 230, 230, 230, 230, 230, 230, 230, 230, 230, 230, 230, 230, 230, 230, 230, 230, 230, 230, 230, 230, 230, 230, 230, 230, 230, 230, 230, 230, 230, 230, 230,
	230, 230, 230, 230, 230, 230, 230, 230, 230, 230, 230, 230, 230, 230, 230, 230, 230, 230, 230, 230, 230, 230, 230, 230, 230, 230, 230, 230, 230, 230, 230, 230,
	230, 230, 230, 230, 230, 230, 230, 230, 230, 230, 230, 230, 230, 230, 230, 230, 230, 230, 230, 230, 230, 230, 230, 230, 230, 230, 230, 230, 230, 230, 230, 230,
	230, 230, 230, 230, 230, 230, 230, 230, 230, 230, 230, 230, 230, 230, 230, 230, 230, 230, 230, 230, 230, 230, 230, 230, 230, 230, 230, 230, 230, 230, 230, 230,
	230, 230, 230, 230, 230, 230, 230, 230, 230, 230, 230, 230, 230, 230, 230, 230, 230, 230, 230, 230, 230, 230, 230, 230, 230, 230, 230, 230, 230, 230, 230, 230,
	230, 230, 230, 230, 230, 230, 230, 230, 230, 230, 230, 230, 230, 230, 230, 230, 230, 230, 230, 230, 230, 230, 230, 230, 230, 230, 230, 230, 230, 230, 230, 230,
	230, 230, 230, 230, 230, 230, 230, 230, 230, 230, 230, 230, 230, 230, 230, 230, 230, 230, 230, 230, 230, 230, 230, 230, 230, 230, 230, 230, 230, 230, 230, 230,
	230, 230, 230, 230, 230, 230, 230, 230, 230, 230, 230, 230, 230, 230, 230, 230, 230, 230, 230, 230, 230, 230, 230, 230, 230, 230, 230, 230, 230, 230, 230, 230,
	230, 230, 230, 230, 230, 230, 230, 230, 230, 230, 230, 230, 230, 230, 230, 230, 230, 230, 230, 230, 230, 230, 230, 230, 230, 230, 230, 230, 230, 230, 230, 230,
	230, 230, 230, 230, 230, 230, 230, 230, 230, 230, 230, 230, 230, 230, 230, 230, 230, 230, 230, 230, 230, 230, 230, 230, 230, 230, 230, 230, 230, 230, 230, 230,
	230, 230, 230, 230, 230, 230, 230, 230, 230, 230, 230, 230, 230, 230, 230, 230, 230, 230, 230, 230, 230, 230, 230, 230, 230, 230, 230, 230, 230, 230, 230, 230,
	230, 230, 230, 230, 230, 230, 230, 230, 230, 230, 230, 230, 230, 230, 230, 230, 230, 230, 230, 230, 230, 230, 230, 230, 230, 230, 230, 230, 230, 230, 230, 230,
	230, 230, 230, 230, 230, 230, 230, 230, 230, 230, 230, 230, 230, 230, 230, 230, 230, 230, 230, 230, 230, 230, 230, 230, 230, 230, 230, 230, 230, 230, 230, 230,
	230, 230, 230, 230, 230, 230, 230, 230, 230, 230, 230, 230, 230, 230, 230, 230, 230, 230, 230, 230, 230, 230, 230, 230, 230, 230, 230, 230, 230, 230, 230, 230,
	230, 230, 230, 230, 230, 230, 230, 230, 230, 230, 230, 230, 230, 230, 230, 230, 230, 230, 230, 230, 230, 230, 230, 230, 230, 230, 230, 230, 230, 230, 230, 230,
	230, 230, 230, 230, 230, 230, 230, 230, 230, 230, 230, 230, 230, 230, 230, 230, 230, 230, 230, 230, 230, 230, 230, 230, 230, 230, 230, 230, 230, 230, 230, 230,
}
SensorSpeedLowerImageLimit = {
	-500, -500, -500, -500, -500, -500, -500, -500, -500, -500, -500, -500, -500, -500, -500, -500, -500, -500, -500, -500, -500, -500, -500, -500, -500, -500, -500, -500, -500, -500, -500, -500,
	-500, -500, -500, -500, -500, -500, -500, -500, -500, -500, -500, -500, -500, -500, -500, -500, -500, -500, -500, -500, -500, -500, -500, -500, -500, -500, -500, -500, -500, -500, -500, -500,
	-500, -500, -500, -500, -500, -500, -500, -500, -500, -500, -500, -500, -500, -500, -500, -500, -500, -500, -500, -500, -500, -500, -500, -500, -500, -500, -500, -500, -500, -500, -500, -500,
	-500, -500, -500, -500, -500, -500, -500, -500, -500, -500, -500, -500, -500, -500, -500, -500, -500, -500, -500, -500, -500, -500, -500, -500, -500, -500, -500, -500, -500, -500, -500, -500,
	-500, -500, -500, -500, -500, -500, -500, -500, -500, -500, -500, -500, -500, -500, -500, -500, -500, -500, -500, -500, -500, -500, -500, -500, -500, -500, -500, -500, -500, -500, -500, -500,
	-500, -500, -500, -500, -500, -500, -500, -500, -500, -500, -500, -500, -500, -500, -500, -500, -500, -500, -500, -500, -500, -500, -500, -500, -500, -500, -500, -500, -500, -500, -500, -500,
	-500, -500, -500, -500, -500, -500, -500, -500, -500, -500, -500, -500, -500, -500, -500, -500, -500, -500, -500, -500, -500, -500, -500, -500, -500, -500, -500, -500, -500, -500, -500, -500,
	-500, -500, -500, -500, -500, -500, -500, -500, -500, -500, -500, -500, -500, -500, -500, -500, -500, -500, -500, -500, -500, -500, -500, -500, -500, -500, -500, -500, -500, -500, -500, -500,
	-500, -500, -500, -500, -500, -500, -500, -500, -500, -500, -500, -500, -500, -500, -500, -500, -500, -500, -500, -500, -500, -500, -500, -500, -500, -500, -500, -500, -500, -500, -500, -500,
	-500, -500, -500, -500, -500, -500, -500, -500, -500, -500, -500, -500, -500, -500, -500, -500, -500, -500, -500, -500, -500, -500, -500, -500, -500, -500, -500, -500, -500, -500, -500, -500,
	-500, -500, -500, -500, -500, -500, -500, -500, -500, -500, -500, -500, -500, -500, -500, -500, -500, -500, -500, -500, -500, -500, -500, -500, -500, -500, -500, -500, -500, -500, -500, -500,
	-500, -500, -500, -500, -500, -500, -500, -500, -500, -500, -500, -500, -500, -500, -500, -500, -500, -500, -500, -500, -500, -500, -500, -500, -500, -500, -500, -500, -500, -500, -500, -500,
	-500, -500, -500, -500, -500, -500, -500, -500, -500, -500, -500, -500, -500, -500, -500, -500, -500, -500, -500, -500, -500, -500, -500, -500, -500, -500, -500, -500, -500, -500, -500, -500,
	-500, -500, -500, -500, -500, -500, -500, -500, -500, -500, -500, -500, -500, -500, -500, -500, -500, -500, -500, -500, -500, -500, -500, -500, -500, -500, -500, -500, -500, -500, -500, -500,
	-500, -500, -500, -500, -500, -500, -500, -500, -500, -500, -500, -500, -500, -500, -500, -500, -500, -500, -500, -500, -500, -500, -500, -500, -500, -500, -500, -500, -500, -500, -500, -500,
	-500, -500, -500, -500, -500, -500, -500, -500, -500, -500, -500, -500, -500, -500, -500, -500, -500, -500, -500, -500, -500, -500, -500, -500, -500, -500, -500, -500, -500, -500, -500, -500,
	-500, -500, -500, -500, -500, -500, -500, -500, -500, -500, -500, -500, -500, -500, -500, -500, -500, -500, -500, -500, -500, -500, -500, -500, -500, -500, -500, -500, -500, -500, -500, -500,
	-500, -500, -500, -500, -500, -500, -500, -500, -500, -500, -500, -500, -500, -500, -500, -500, -500, -500, -500, -500, -500, -500, -500, -500, -500, -500, -500, -500, -500, -500, -500, -500,
	-500, -500, -500, -500, -500, -500, -500, -500, -500, -500, -500, -500, -500, -500, -500, -500, -500, -500, -500, -500, -500, -500, -500, -500, -500, -500, -500, -500, -500, -500, -500, -500,
	-500, -500, -500, -500, -500, -500, -500, -500, -500, -500, -500, -500, -500, -500, -500, -500, -500, -500, -500, -500, -500, -500, -500, -500, -500, -500, -500, -500, -500, -500, -500, -500,
	-500, -500, -500, -500, -500, -500, -500, -500, -500, -500, -500, -500, -500, -500, -500, -500, -500, -500, -500, -500, -500, -500, -500, -500, -500, -500, -500, -500, -500, -500, -500, -500,
	-500, -500, -500, -500, -500, -500, -500, -500, -500, -500, -500, -500, -500, -500, -500, -500, -500, -500, -500, -500, -500, -500, -500, -500, -500, -500, -500, -500, -500, -500, -500, -500,
	-500, -500, -500, -500, -500, -500, -500, -500, -500, -500, -500, -500, -500, -500, -500, -500, -500, -500, -500, -500, -500, -500, -500, -500, -500, -500, -500, -500, -500, -500, -500, -500,
	-500, -500, -500, -500, -500, -500, -500, -500, -500, -500, -500, -500, -500, -500, -500, -500, -500, -500, -500, -500, -500, -500, -500, -500, -500, -500, -500, -500, -500, -500, -500, -500,
	-500, -500, -500, -500, -500, -500, -500, -500, -500, -500, -500, -500, -500, -500, -500, -500, -500, -500, -500, -500, -500, -500, -500, -500, -500, -500, -500, -500, -500, -500, -500, -500,
	-500, -500, -500, -500, -500, -500, -500, -500, -500, -500, -500, -500, -500, -500, -500, -500, -500, -500, -500, -500, -500, -500, -500, -500, -500, -500, -500, -500, -500, -500, -500, -500,
	-500, -500, -500, -500, -500, -500, -500, -500, -500, -500, -500, -500, -500, -500, -500, -500, -500, -500, -500, -500, -500, -500, -500, -500, -500, -500, -500, -500, -500, -500, -500, -500,
	-500, -500, -500, -500, -500, -500, -500, -500, -500, -500, -500, -500, -500, -500, -500, -500, -500, -500, -500, -500, -500, -500, -500, -500, -500, -500, -500, -500, -500, -500, -500, -500,
	-500, -500, -500, -500, -500, -500, -500, -500, -500, -500, -500, -500, -500, -500, -500, -500, -500, -500, -500, -500, -500, -500, -500, -500, -500, -500, -500, -500, -500, -500, -500, -500,
	-500, -500, -500, -500, -500, -500, -500, -500, -500, -500, -500, -500, -500, -500, -500, -500, -500, -500, -500, -500, -500, -500, -500, -500, -500, -500, -500, -500, -500, -500, -500, -500,
	-500, -500, -500, -500, -500, -500, -500, -500, -500, -500, -500, -500, -500, -500, -500, -500, -500, -500, -500, -500, -500, -500, -500, -500, -500, -500, -500, -500, -500, -500, -500, -500,
	-500, -500, -500, -500, -500, -500, -500, -500, -500, -500, -500, -500, -500, -500, -500, -500, -500, -500, -500, -500, -500, -500, -500, -500, -500, -500, -500, -500, -500, -500, -500, -500,
}
SensorSpeedUpperImageLimit = {
	500, 500, 500, 500, 500, 500, 500, 500, 500, 500, 500, 500, 500, 500, 500, 500, 500, 500, 500, 500, 500, 500, 500, 500, 500, 500, 500, 500, 500, 500, 500, 500,
	500, 500, 500, 500, 500, 500, 500, 500, 500, 500, 500, 500, 500, 500, 500, 500, 500, 500, 500, 500, 500, 500, 500, 500, 500, 500, 500, 500, 500, 500, 500, 500,
	500, 500, 500, 500, 500, 500, 500, 500, 500, 500, 500, 500, 500, 500, 500, 500, 500, 500, 500, 500, 500, 500, 500, 500, 500, 500, 500, 500, 500, 500, 500, 500,
	500, 500, 500, 500, 500, 500, 500, 500, 500, 500, 500, 500, 500, 500, 500, 500, 500, 500, 500, 500, 500, 500, 500, 500, 500, 500, 500, 500, 500, 500, 500, 500,
	500, 500, 500, 500, 500, 500, 500, 500, 500, 500, 500, 500, 500, 500, 500, 500, 500, 500, 500, 500, 500, 500, 500, 500, 500, 500, 500, 500, 500, 500, 500, 500,
	500, 500, 500, 500, 500, 500, 500, 500, 500, 500, 500, 500, 500, 500, 500, 500, 500, 500, 500, 500, 500, 500, 500, 500, 500, 500, 500, 500, 500, 500, 500, 500,
	500, 500, 500, 500, 500, 500, 500, 500, 500, 500, 500, 500, 500, 500, 500, 500, 500, 500, 500, 500, 500, 500, 500, 500, 500, 500, 500, 500, 500, 500, 500, 500,
	500, 500, 500, 500, 500, 500, 500, 500, 500, 500, 500, 500, 500, 500, 500, 500, 500, 500, 500, 500, 500, 500, 500, 500, 500, 500, 500, 500, 500, 500, 500, 500,
	500, 500, 500, 500, 500, 500, 500, 500, 500, 500, 500, 500, 500, 500, 500, 500, 500, 500, 500, 500, 500, 500, 500, 500, 500, 500, 500, 500, 500, 500, 500, 500,
	500, 500, 500, 500, 500, 500, 500, 500, 500, 500, 500, 500, 500, 500, 500, 500, 500, 500, 500, 500, 500, 500, 500, 500, 500, 500, 500, 500, 500, 500, 500, 500,
	500, 500, 500, 500, 500, 500, 500, 500, 500, 500, 500, 500, 500, 500, 500, 500, 500, 500, 500, 500, 500, 500, 500, 500, 500, 500, 500, 500, 500, 500, 500, 500,
	500, 500, 500, 500, 500, 500, 500, 500, 500, 500, 500, 500, 500, 500, 500, 500, 500, 500, 500, 500, 500, 500, 500, 500, 500, 500, 500, 500, 500, 500, 500, 500,
	500, 500, 500, 500, 500, 500, 500, 500, 500, 500, 500, 500, 500, 500, 500, 500, 500, 500, 500, 500, 500, 500, 500, 500, 500, 500, 500, 500, 500, 500, 500, 500,
	500, 500, 500, 500, 500, 500, 500, 500, 500, 500, 500, 500, 500, 500, 500, 500, 500, 500, 500, 500, 500, 500, 500, 500, 500, 500, 500, 500, 500, 500, 500, 500,
	500, 500, 500, 500, 500, 500, 500, 500, 500, 500, 500, 500, 500, 500, 500, 500, 500, 500, 500, 500, 500, 500, 500, 500, 500, 500, 500, 500, 500, 500, 500, 500,
	500, 500, 500, 500, 500, 500, 500, 500, 500, 500, 500, 500, 500, 500, 500, 500, 500, 500, 500, 500, 500, 500, 500, 500, 500, 500, 500, 500, 500, 500, 500, 500,
	500, 500, 500, 500, 500, 500, 500, 500, 500, 500, 500, 500, 500, 500, 500, 500, 500, 500, 500, 500, 500, 500, 500, 500, 500, 500, 500, 500, 500, 500, 500, 500,
	500, 500, 500, 500, 500, 500, 500, 500, 500, 500, 500, 500, 500, 500, 500, 500, 500, 500, 500, 500, 500, 500, 500, 500, 500, 500, 500, 500, 500, 500, 500, 500,
	500, 500, 500, 500, 500, 500, 500, 500, 500, 500, 500, 500, 500, 500, 500, 500, 500, 500, 500, 500, 500, 500, 500, 500, 500, 500, 500, 500, 500, 500, 500, 500,
	500, 500, 500, 500, 500, 500, 500, 500, 500, 500, 500, 500, 500, 500, 500, 500, 500, 500, 500, 500, 500, 500, 500, 500, 500, 500, 500, 500, 500, 500, 500, 500,
	500, 500, 500, 500, 500, 500, 500, 500, 500, 500, 500, 500, 500, 500, 500, 500, 500, 500, 500, 500, 500, 500, 500, 500, 500, 500, 500, 500, 500, 500, 500, 500,
	500, 500, 500, 500, 500, 500, 500, 500, 500, 500, 500, 500, 500, 500, 500, 500, 500, 500, 500, 500, 500, 500, 500, 500, 500, 500, 500, 500, 500, 500, 500, 500,
	500, 500, 500, 500, 500, 500, 500, 500, 500, 500, 500, 500, 500, 500, 500, 500, 500, 500, 500, 500, 500, 500, 500, 500, 500, 500, 500, 500, 500, 500, 500, 500,
	500, 500, 500, 500, 500, 500, 500, 500, 500, 500, 500, 500, 500, 500, 500, 500, 500, 500, 500, 500, 500, 500, 500, 500, 500, 500, 500, 500, 500, 500, 500, 500,
	500, 500, 500, 500, 500, 500, 500, 500, 500, 500, 500, 500, 500, 500, 500, 500, 500, 500, 500, 500, 500, 500, 500, 500, 500, 500, 500, 500, 500, 500, 500, 500,
	500, 500, 500, 500, 500, 500, 500, 500, 500, 500, 500, 500, 500, 500, 500, 500, 500, 500, 500, 500, 500, 500, 500, 500, 500, 500, 500, 500, 500, 500, 500, 500,
	500, 500, 500, 500, 500, 500, 500, 500, 500, 500, 500, 500, 500, 500, 500, 500, 500, 500, 500, 500, 500, 500, 500, 500, 500, 500, 500, 500, 500, 500, 500, 500,
	500, 500, 500, 500, 500, 500, 500, 500, 500, 500, 500, 500, 500, 500, 500, 500, 500, 500, 500, 500, 500, 500, 500, 500, 500, 500, 500, 500, 500, 500, 500, 500,
	500, 500, 500, 500, 500, 500, 500, 500, 500, 500, 500, 500, 500, 500, 500, 500, 500, 500, 500, 500, 500, 500, 500, 500, 500, 500, 500, 500, 500, 500, 500, 500,
	500, 500, 500, 500, 500, 500, 500, 500, 500, 500, 500, 500, 500, 500, 500, 500, 500, 500, 500, 500, 500, 500, 500, 500, 500, 500, 500, 500, 500, 500, 500, 500,
	500, 500, 500, 500, 500, 500, 500, 500, 500, 500, 500, 500, 500, 500, 500, 500, 500, 500, 500, 500, 500, 500, 500, 500, 500, 500, 500, 500, 500, 500, 500, 500,
	500, 500, 500, 500, 500, 500, 500, 500, 500, 500, 500, 500, 500, 500, 500, 500, 500, 500, 500, 500, 500, 500, 500, 500, 500, 500, 500, 500, 500, 500, 500, 500,
}
